1
10
18
22
31
32
38
46
48
82
82
88
96
97
138
170
203
205
219
251
264
266
270
271
282
289
307
315
331
332
335
336
346
356
365
368
391
422
426
427
430
433
434
434
434
443
456
459
466
478
483
493
496
500
504
516
541
548
562
605
618
630
640
643
646
659
661
662
682
701
707
710
737
744
752
768
770
790
794
795
800
806
810
810
811
817
817
821
827
831
834
846
875
876
881
898
907
921
936
956
957
972
984
985
989
1046
1080
1084
1094
1097
1100
1102
1106
1107
1107
1108
1124
1125
1139
1161
1162
1181
1183
1189
1207
1215
1228
1230
1241
1246
1248
1256
1257
1262
1295
1317
1357
1375
1378
1382
1387
1388
1394
1397
1428
1432
1441
1447
1447
1454
1458
1464
1468
1471
1474
1484
1495
1507
1525
1536
1537
1547
1555
1557
1569
1570
1575
1585
1585
1596
1598
1608
1609
1613
1615
1618
1622
1636
1653
1661
1665
1669
1680
1683
1703
1704
1714
1722
1723
1723
1733
1752
1776
1789
1790
1795
1810
1844
1894
1900
1908
1965
1981
1981
1990
1998
2006
2036
2041
2042
2043
2049
2058
2066
2083
2092
2095
2100
2112
2125
2134
2141
2157
2160
2172
2173
2197
2212
2218
2219
2220
2233
2244
2247
2254
2256
2270
2287
2290
2293
2305
2314
2340
2341
2348
2373
2391
2393
2394
2401
2425
2430
2444
2455
2464
2469
2514
2533
2548
2553
2567
2577
2588
2600
2603
2614
2622
2625
2625
2629
2634
2634
2637
2645
2659
2664
2697
2701
2714
2723
2736
2755
2764
2776
2780
2783
2827
2827
2840
2855
2857
2866
2871
2871
2875
2883
2888
2891
2897
2902
2902
2920
2921
2925
2929
2949
2961
2962
2963
2988
3001
3009
3023
3037
3041
3049
3055
3056
3063
3078
3126
3138
3139
3149
3170
3177
3183
3248
3249
3263
3298
3300
3338
3342
3353
3353
3356
3364
3366
3369
3373
3375
3381
3384
3386
3393
3400
3418
3420
3427
3430
3443
3453
3465
3467
3472
3473
3474
3484
3498
3499
3519
3524
3524
3530
3557
3561
3564
3570
3580
3590
3633
3633
3634
3634
3640
3665
3670
3671
3678
3700
3700
3703
3711
3711
3731
3734
3776
3785
3792
3801
3806
3816
3826
3830
3836
3840
3851
3882
3887
3889
3894
3907
3909
3920
3929
3939
3969
3971
3982
3998
4005
4012
4019
4036
4036
4043
4063
4071
4103
4119
4125
4142
4145
4147
4156
4177
4179
4181
4182
4189
4201
4203
4204
4216
4219
4220
4233
4237
4237
4240
4254
4261
4272
4275
4294
4297
4298
4302
4328
4330
4335
4339
4351
4359
4363
4372
4384
4411
4413
4455
4456
4459
4475
4478
4491
4514
4515
4516
4530
4554
4562
4567
4581
4584
4594
4601
4602
4602
4611
4618
4618
4636
4641
4650
4652
4662
4665
4666
4704
4727
4730
4746
4756
4762
4762
4764
4769
4774
4779
4803
4806
4814
4815
4816
4821
4826
4828
4845
4858
4867
4875
4906
4911
4922
4943
4951
4973
4981
4988
4998
5028
5033
5045
5050
5093
5098
5098
5103
5122
5153
5166
5174
5177
5180
5183
5190
5195
5216
5228
5233
5241
5252
5262
5267
5267
5267
5281
5296
5299
5301
5304
5307
5314
5335
5335
5338
5345
5346
5365
5371
5374
5375
5391
5391
5396
5415
5416
5425
5426
5440
5440
5457
5461
5463
5507
5509
5525
5531
5557
5569
5570
5596
5601
5601
5622
5625
5645
5646
5672
5686
5690
5692
5698
5707
5724
5733
5749
5750
5759
5767
5790
5794
5805
5838
5849
5856
5867
5869
5879
5927
5933
5941
5949
5952
5956
5958
5979
5984
5996
6016
6019
6029
6030
6048
6052
6070
6074
6088
6091
6117
6150
6159
6159
6188
6209
6213
6215
6228
6232
6267
6275
6284
6322
6358
6369
6371
6371
6378
6408
6412
6430
6435
6444
6446
6463
6471
6477
6481
6491
6491
6501
6505
6517
6524
6545
6551
6551
6559
6570
6570
6584
6584
6586
6602
6641
6648
6655
6657
6680
6693
6709
6727
6730
6740
6750
6756
6757
6799
6812
6831
6840
6844
6861
6883
6898
6947
6948
6948
6965
6968
6971
7012
7013
7022
7040
7040
7041
7052
7064
7070
7084
7093
7109
7109
7111
7112
7112
7116
7139
7145
7161
7166
7175
7177
7179
7180
7180
7183
7221
7224
7247
7259
7279
7282
7309
7314
7330
7343
7370
7387
7389
7390
7418
7451
7499
7500
7521
7541
7556
7557
7570
7577
7597
7609
7648
7673
7681
7721
7724
7725
7734
7752
7755
7756
7780
7785
7810
7813
7814
7823
7826
7850
7866
7872
7885
7901
7903
7909
7910
7911
7918
7923
7951
7954
7960
7962
7968
7974
7976
7977
7984
7989
8019
8029
8044
8046
8052
8060
8075
8081
8089
8106
8121
8129
8130
8147
8149
8168
8180
8185
8187
8189
8197
8228
8238
8256
8257
8263
8287
8303
8312
8313
8338
8339
8343
8347
8378
8387
8388
8401
8407
8419
8420
8435
8446
8450
8461
8469
8474
8477
8481
8495
8503
8504
8504
8513
8556
8559
8582
8583
8588
8603
8617
8621
8629
8657
8696
8706
8709
8730
8739
8742
8751
8761
8765
8772
8780
8790
8802
8816
8824
8825
8828
8837
8862
8864
8871
8874
8879
8903
8919
8926
8927
8935
8941
8945
8967
8969
8985
9014
9035
9052
9086
9105
9133
9134
9138
9141
9158
9158
9161
9163
9166
9166
9184
9189
9201
9210
9213
9214
9215
9217
9234
9236
9245
9245
9253
9265
9284
9305
9308
9314
9315
9330
9334
9338
9352
9354
9356
9369
9371
9388
9406
9411
9419
9425
9443
9443
9454
9463
9464
9465
9473
9474
9483
9500
9501
9505
9510
9519
9529
9532
9536
9542
9549
9554
9563
9581
9588
9598
9602
9605
9617
9621
9624
9637
9646
9678
9687
9705
9711
9720
9724
9736
9736
9743
9785
9786
9803
9805
9805
9809
9834
9845
9845
9867
9876
9877
9879
9887
9893
9895
9908
9919
9921
9924
9928
9936
9938
9938
9965
9981
9990
10003
10005
10009
10016
10016
10017
10017
10033
10033
10039
10051
10068
10072
10089
10104
10106
10122
10123
10137
10137
10146
10169
10195
10198
10205
10234
10252
10260
10266
10276
10279
10281
10282
10286
10299
10301
10305
10305
10321
10342
10365
10402
10406
10427
10429
10433
10438
10440
10449
10460
10471
10485
10486
10494
10496
10506
10514
10530
10551
10553
10561
10574
10582
10589
10597
10605
10605
10613
10636
10638
10652
10654
10660
10680
10681
10721
10736
10738
10740
10749
10762
10764
10772
10803
10807
10820
10846
10861
10868
10886
10890
10911
10923
10959
10976
10989
10999
11011
11016
11017
11017
11025
11034
11035
11036
11039
11041
11048
11057
11078
11090
11091
11092
11154
11166
11170
11179
11181
11225
11227
11236
11238
11257
11262
11273
11283
11304
11307
11326
11332
11338
11345
11350
11363
11369
11371
11385
11385
11401
11402
11427
11432
11448
11456
11466
11466
11471
11495
11502
11530
11545
11551
11568
11580
11583
11593
11612
11613
11641
11642
11650
11653
11667
11670
11670
11672
11684
11693
11695
11697
11703
11705
11705
11709
11724
11748
11754
11762
11774
11782
11784
11792
11793
11819
11827
11842
11851
11856
11872
11891
11893
11903
11911
11920
11920
11920
11923
11949
11957
11988
11990
12008
12017
12027
12042
12042
12046
12048
12053
12064
12064
12083
12087
12091
12102
12118
12121
12125
12128
12154
12156
12173
12175
12184
12184
12202
12202
12209
12213
12243
12251
12260
12265
12270
12271
12305
12306
12313
12324
12346
12349
12350
12354
12356
12373
12383
12417
12426
12427
12429
12442
12454
12471
12478
12503
12515
12525
12527
12527
12533
12539
12545
12546
12574
12586
12616
12620
12622
12639
12647
12670
12674
12677
12681
12684
12691
12692
12723
12723
12734
12748
12748
12759
12769
12775
12785
12787
12798
12819
12829
12836
12852
12852
12853
12865
12880
12933
12942
12943
12943
12954
12956
12975
12988
12990
13000
13009
13016
13024
13027
13040
13078
13079
13081
13081
13106
13107
13112
13141
13161
13164
13165
13168
13175
13198
13208
13220
13224
13244
13249
13253
13272
13278
13282
13288
13311
13317
13333
13334
13336
13339
13343
13356
13378
13380
13425
13427
13431
13464
13470
13474
13475
13505
13515
13561
13565
13569
13580
13592
13593
13599
13611
13611
13617
13618
13626
13631
13644
13675
13692
13695
13720
13730
13731
13747
13764
13785
13789
13791
13802
13802
13804
13809
13811
13815
13824
13827
13829
13835
13842
13867
13887
13898
13908
13909
13910
13910
13914
13920
13937
13938
13955
13957
13963
13965
13969
13977
13985
14000
14001
14007
14018
14037
14040
14044
14066
14092
14096
14108
14114
14114
14121
14131
14166
14181
14185
14186
14194
14209
14211
14213
14236
14240
14257
14258
14258
14270
14272
14281
14285
14288
14290
14299
14299
14299
14314
14316
14331
14339
14348
14350
14367
14368
14370
14400
14415
14417
14442
14450
14456
14469
14473
14476
14487
14492
14494
14494
14498
14499
14508
14509
14512
14513
14520
14532
14543
14543
14563
14571
14583
14593
14612
14615
14616
14618
14626
14630
14636
14637
14639
14640
14641
14670
14676
14682
14683
14695
14705
14705
14730
14732
14741
14746
14749
14790
14804
14806
14809
14834
14834
14847
14861
14866
14886
14895
14895
14895
14911
14912
14916
14919
14932
14934
14945
14947
14950
14970
14971
14979
14987
14992
14997
14999
15000
15004
15007
15028
15029
15029
15041
15043
15043
15052
15057
15063
15067
15067
15076
15082
15088
15092
15092
15108
15109
15114
15121
15127
15134
15140
15141
15157
15159
15159
15209
15212
15217
15235
15267
15267
15268
15288
15294
15322
15327
15335
15360
15373
15380
15386
15403
15405
15417
15449
15463
15478
15483
15485
15487
15492
15493
15496
15501
15542
15551
15566
15598
15607
15618
15627
15639
15639
15640
15650
15659
15662
15669
15678
15681
15683
15687
15690
15700
15704
15709
15718
15719
15722
15754
15764
15781
15802
15803
15803
15806
15812
15822
15828
15831
15843
15850
15855
15870
15870
15874
15879
15883
15886
15888
15890
15901
15903
15914
15924
15928
15930
15934
15972
15972
15977
15980
15982
15984
15986
16001
16008
16009
16044
16048
16077
16086
16087
16088
16116
16138
16141
16149
16158
16166
16169
16169
16187
16214
16220
16240
16246
16261
16272
16276
16295
16305
16311
16312
16314
16320
16329
16336
16352
16355
16355
16359
16360
16377
16386
16388
16389
16393
16393
16406
16409
16434
16441
16442
16445
16445
16483
16501
16505
16511
16515
16520
16535
16553
16555
16561
16565
16568
16570
16579
16585
16612
16615
16619
16623
16624
16640
16644
16654
16663
16665
16669
16681
16691
16693
16698
16710
16714
16724
16731
16731
16736
16745
16749
16753
16768
16777
16777
16779
16779
16786
16797
16801
16806
16807
16810
16820
16846
16850
16875
16879
16880
16881
16898
16899
16903
16912
16916
16928
16937
16941
16980
16983
17021
17024
17035
17039
17066
17073
17098
17106
17140
17148
17180
17199
17213
17221
17231
17269
17277
17289
17292
17292
17298
17313
17316
17337
17355
17373
17374
17376
17382
17386
17402
17412
17422
17426
17426
17432
17443
17445
17452
17458
17462
17467
17478
17512
17513
17514
17564
17567
17581
17591
17596
17616
17621
17623
17634
17635
17637
17644
17660
17680
17688
17691
17695
17719
17722
17724
17733
17738
17739
17742
17745
17747
17754
17759
17762
17763
17766
17768
17794
17795
17801
17807
17848
17849
17865
17874
17878
17880
17904
17904
17911
17914
17919
17919
17923
17931
17931
17939
17943
17946
17948
17950
17957
17958
17998
18028
18036
18040
18042
18045
18045
18045
18053
18063
18088
18103
18121
18128
18134
18144
18153
18165
18182
18195
18203
18212
18229
18244
18246
18246
18247
18257
18270
18275
18275
18276
18276
18297
18300
18312
18314
18332
18337
18340
18341
18342
18357
18360
18383
18415
18418
18423
18448
18449
18466
18511
18535
18539
18541
18541
18564
18565
18576
18581
18593
18593
18612
18616
18623
18628
18629
18629
18634
18635
18643
18660
18663
18667
18683
18688
18695
18702
18703
18713
18727
18745
18748
18775
18775
18779
18814
18824
18836
18848
18865
18866
18894
18894
18896
18910
18925
18925
18927
18930
18950
18960
18974
18980
18984
18988
18998
19004
19020
19022
19033
19041
19042
19051
19060
19069
19083
19096
19099
19120
19133
19134
19141
19168
19206
19212
19224
19236
19239
19240
19243
19270
19272
19278
19279
19298
19316
19325
19353
19364
19390
19416
19418
19433
19443
19447
19459
19467
19472
19491
19491
19498
19507
19537
19540
19540
19546
19547
19557
19560
19567
19568
19576
19577
19598
19610
19613
19615
19617
19627
19670
19671
19672
19678
19682
19709
19742
19746
19752
19755
19783
19791
19831
19839
19856
19867
19874
19892
19900
19904
19922
19946
19949
19963
19972
20005
20008
20010
20016
20016
20034
20035
20051
20064
20066
20068
20071
20072
20073
20079
20116
20140
20161
20176
20181
20191
20195
20207
20214
20219
20223
20229
20234
20240
20248
20250
20264
20276
20282
20293
20304
20307
20319
20326
20350
20355
20389
20405
20406
20424
20439
20442
20450
20480
20498
20525
20541
20545
20546
20547
20551
20581
20603
20607
20609
20615
20617
20620
20627
20628
20630
20647
20652
20663
20664
20668
20698
20700
20716
20717
20728
20734
20735
20739
20745
20754
20760
20771
20780
20803
20804
20805
20810
20810
20839
20847
20857
20865
20948
20954
20954
20978
20983
20988
21000
21003
21020
21024
21041
21069
21087
21123
21126
21128
21133
21133
21145
21191
21205
21207
21254
21268
21271
21275
21284
21285
21287
21288
21289
21290
21291
21313
21314
21323
21331
21334
21334
21380
21380
21387
21397
21397
21405
21406
21435
21446
21453
21465
21482
21493
21501
21502
21504
21519
21520
21528
21540
21567
21581
21597
21610
21624
21633
21641
21644
21656
21660
21697
21707
21720
21722
21728
21749
21753
21753
21768
21783
21798
21802
21804
21807
21807
21809
21834
21843
21847
21868
21873
21883
21894
21929
21935
21942
21943
21953
21994
21995
21999
22001
22012
22025
22039
22048
22059
22078
22085
22093
22096
22098
22117
22118
22119
22123
22125
22126
22128
22141
22144
22147
22152
22154
22164
22165
22169
22179
22179
22181
22187
22191
22203
22211
22225
22235
22236
22238
22250
22261
22265
22274
22275
22277
22285
22287
22289
22319
22320
22322
22335
22345
22372
22376
22379
22380
22384
22393
22401
22412
22419
22437
22449
22451
22465
22494
22539
22552
22553
22559
22567
22572
22591
22610
22621
22622
22624
22629
22636
22637
22639
22649
22666
22672
22681
22697
22703
22706
22711
22724
22741
22776
22798
22799
22828
22832
22844
22847
22849
22855
22865
22867
22893
22900
22914
22925
22928
22939
22946
22952
22957
22961
22968
22980
22997
22999
23002
23012
23046
23056
23073
23077
23089
23096
23103
23109
23116
23134
23162
23163
23164
23169
23171
23237
23237
23264
23282
23295
23298
23317
23323
23330
23336
23341
23353
23364
23366
23379
23410
23414
23417
23423
23437
23438
23453
23455
23463
23466
23470
23484
23492
23503
23512
23517
23546
23552
23565
23570
23582
23594
23600
23608
23608
23662
23662
23678
23680
23713
23718
23726
23730
23738
23757
23780
23787
23816
23827
23832
23839
23845
23848
23875
23889
23896
23899
23905
23911
23913
23926
23931
23945
23945
23982
23986
24034
24045
24055
24076
24091
24095
24105
24116
24130
24155
24170
24182
24221
24231
24235
24237
24260
24264
24271
24277
24290
24316
24325
24329
24329
24342
24346
24356
24371
24377
24389
24396
24399
24407
24417
24421
24423
24424
24437
24438
24444
24450
24461
24461
24470
24477
24492
24498
24516
24532
24540
24541
24546
24580
24582
24598
24618
24629
24630
24650
24697
24717
24725
24756
24759
24760
24761
24763
24777
24796
24812
24818
24819
24822
24828
24838
24839
24869
24869
24873
24873
24876
24886
24914
24916
24923
24924
24925
24930
24944
24951
24957
24960
24983
24986
24994
25021
25048
25055
25057
25069
25070
25090
25103
25118
25121
25121
25128
25130
25139
25144
25149
25156
25161
25172
25178
25181
25181
25196
25198
25205
25239
25241
25249
25296
25300
25305
25306
25311
25317
25320
25339
25346
25374
25385
25397
25448
25491
25504
25529
25532
25536
25550
25556
25559
25577
25579
25588
25590
25601
25603
25611
25614
25614
25618
25623
25627
25638
25654
25666
25668
25670
25670
25693
25710
25710
25711
25713
25720
25740
25775
25787
25818
25823
25833
25837
25857
25862
25864
25879
25911
25955
25980
25994
25999
26005
26036
26041
26050
26055
26061
26064
26078
26079
26111
26116
26124
26132
26142
26145
26150
26168
26174
26191
26192
26218
26254
26258
26265
26269
26285
26309
26315
26317
26317
26341
26351
26358
26364
26371
26376
26383
26384
26398
26407
26417
26438
26453
26454
26456
26461
26471
26481
26495
26511
26516
26534
26535
26539
26543
26572
26586
26591
26600
26620
26620
26626
26636
26659
26665
26686
26690
26691
26691
26695
26706
26711
26715
26717
26726
26728
26767
26785
26798
26831
26847
26847
26852
26855
26861
26872
26883
26887
26893
26922
26926
26941
26947
26949
26969
26972
26976
26982
26990
27005
27022
27034
27046
27056
27058
27073
27073
27082
27084
27102
27109
27111
27132
27136
27182
27183
27190
27196
27226
27228
27246
27257
27261
27268
27280
27341
27343
27344
27352
27368
27370
27370
27375
27385
27385
27395
27415
27434
27443
27461
27476
27478
27483
27490
27491
27501
27504
27513
27517
27527
27529
27537
27540
27545
27545
27558
27563
27590
27606
27608
27633
27653
27672
27672
27675
27708
27710
27718
27719
27729
27741
27752
27755
27781
27787
27791
27796
27797
27807
27818
27825
27828
27831
27848
27861
27877
27881
27888
27907
27911
27912
27916
27932
27937
27951
27976
27979
27997
28005
28007
28009
28013
28018
28035
28047
28057
28059
28064
28068
28099
28100
28124
28127
28130
28146
28158
28174
28183
28191
28199
28204
28208
28225
28227
28230
28237
28253
28258
28285
28286
28321
28359
28363
28370
28383
28402
28407
28408
28411
28476
28480
28482
28485
28489
28491
28508
28510
28519
28521
28565
28566
28568
28581
28600
28609
28610
28611
28615
28620
28633
28642
28646
28651
28662
28676
28676
28685
28699
28699
28705
28729
28731
28758
28762
28778
28790
28835
28859
28869
28877
28897
28910
28911
28922
28930
28946
28953
28964
28971
28974
28975
28981
28984
28985
28989
28989
29010
29029
29047
29055
29057
29063
29082
29099
29102
29108
29110
29118
29126
29137
29150
29170
29177
29192
29200
29206
29210
29234
29239
29244
29252
29261
29264
29265
29269
29269
29285
29294
29306
29308
29309
29319
29328
29333
29334
29339
29367
29377
29381
29389
29401
29411
29424
29427
29436
29449
29455
29460
29481
29501
29503
29523
29525
29551
29569
29583
29587
29591
29593
29600
29613
29619
29620
29635
29638
29644
29648
29662
29662
29678
29684
29699
29706
29735
29748
29766
29771
29776
29779
29783
29791
29795
29826
29829
29841
29844
29856
29862
29864
29867
29873
29877
29892
29895
29928
29928
29934
29950
29951
29952
29968
29976
29981
29985
29985
30000
30003
30011
30013
30020
30035
30037
30037
30054
30058
30070
30082
30087
30087
30107
30116
30123
30134
30135
30167
30172
30179
30183
30185
30199
30216
30235
30245
30252
30262
30276
30278
30281
30283
30291
30303
30315
30324
30334
30342
30353
30359
30365
30376
30395
30410
30416
30418
30435
30447
30460
30494
30494
30502
30504
30569
30569
30569
30590
30592
30595
30603
30626
30630
30640
30645
30649
30651
30659
30678
30698
30713
30713
30726
30731
30733
30734
30746
30748
30776
30788
30813
30814
30816
30819
30824
30828
30839
30847
30848
30851
30858
30882
30896
30902
30905
30911
30922
30927
30938
30960
30964
31005
31006
31038
31048
31054
31057
31058
31062
31064
31092
31100
31105
31117
31124
31146
31148
31164
31183
31184
31187
31200
31200
31208
31212
31215
31217
31231
31239
31241
31251
31254
31256
31260
31260
31269
31293
31304
31314
31320
31333
31335
31337
31346
31362
31375
31377
31392
31398
31401
31413
31417
31431
31436
31466
31490
31496
31500
31505
31533
31538
31541
31546
31551
31553
31558
31577
31583
31599
31609
31613
31641
31646
31648
31652
31692
31695
31706
31739
31739
31747
31747
31766
31777
31788
31788
31804
31805
31816
31816
31818
31827
31828
31846
31868
31875
31879
31891
31910
31910
31925
31948
31970
31976
31979
31980
32006
32007
32029
32041
32067
32068
32076
32083
32087
32095
32098
32102
32139
32195
32226
32248
32253
32256
32274
32274
32278
32306
32313
32331
32348
32352
32360
32368
32374
32398
32402
32405
32408
32418
32422
32424
32427
32428
32432
32435
32462
32474
32480
32480
32492
32501
32529
32535
32542
32542
32548
32552
32555
32556
32572
32575
32577
32591
32596
32625
32627
32631
32638
32641
32671
32674
32682
32691
32694
32698
32709
32718
32730
32754
32754
32763
32773
32797
32806
32816
32821
32822
32830
32832
32850
32857
32917
32918
32921
32940
32942
32954
32964
32982
32989
32992
33027
33028
33045
33048
33063
33080
33083
33085
33086
33088
33099
33112
33123
33141
33142
33146
33161
33171
33199
33212
33223
33226
33231
33244
33264
33266
33285
33291
33306
33326
33344
33357
33360
33361
33389
33405
33431
33434
33480
33498
33506
33509
33536
33540
33570
33581
33593
33595
33632
33642
33645
33649
33658
33672
33674
33680
33684
33686
33702
33703
33710
33712
33718
33721
33726
33749
33750
33752
33753
33787
33817
33817
33824
33828
33847
33864
33869
33881
33883
33904
33907
33927
33932
33935
33937
33956
33974
33984
33991
33993
34010
34010
34022
34022
34025
34027
34036
34047
34063
34067
34076
34087
34091
34120
34121
34129
34130
34146
34148
34164
34170
34176
34185
34195
34209
34213
34221
34223
34232
34233
34246
34250
34258
34264
34265
34301
34317
34337
34337
34366
34367
34375
34387
34396
34400
34401
34402
34425
34430
34444
34513
34540
34547
34549
34596
34606
34632
34633
34685
34694
34696
34699
34703
34706
34728
34748
34750
34756
34769
34775
34789
34810
34843
34858
34876
34888
34898
34906
34914
34946
34950
34977
34980
34981
34990
34992
34994
35010
35019
35026
35032
35035
35036
35040
35046
35057
35072
35075
35082
35097
35118
35127
35140
35150
35156
35162
35178
35196
35207
35254
35265
35268
35294
35295
35308
35309
35346
35350
35364
35365
35377
35383
35390
35394
35397
35416
35426
35426
35429
35447
35461
35484
35491
35505
35510
35518
35535
35561
35579
35579
35590
35591
35594
35610
35610
35622
35628
35633
35661
35670
35681
35694
35707
35712
35716
35726
35727
35736
35741
35751
35768
35770
35771
35787
35823
35843
35876
35879
35885
35892
35895
35902
35907
35910
35910
35924
35962
35966
35971
35982
35983
35992
36009
36015
36033
36035
36038
36044
36055
36065
36073
36080
36103
36121
36149
36157
36162
36182
36191
36192
36192
36197
36207
36220
36236
36250
36255
36256
36265
36265
36281
36287
36288
36298
36299
36322
36324
36334
36351
36375
36379
36390
36403
36406
36425
36440
36444
36461
36462
36464
36466
36473
36479
36493
36494
36511
36512
36543
36545
36553
36560
36562
36563
36569
36573
36591
36609
36610
36626
36631
36634
36637
36639
36642
36645
36649
36658
36660
36668
36684
36694
36704
36717
36728
36728
36730
36731
36735
36741
36748
36752
36759
36760
36771
36797
36799
36804
36817
36828
36841
36850
36857
36879
36879
36892
36896
36921
36925
36933
36960
36965
36968
36973
36980
36996
37001
37013
37050
37055
37059
37071
37081
37105
37108
37123
37137
37139
37159
37159
37160
37162
37168
37198
37202
37237
37247
37251
37253
37264
37268
37285
37304
37309
37346
37366
37370
37382
37392
37400
37405
37409
37418
37419
37465
37469
37473
37478
37498
37505
37516
37530
37552
37568
37568
37571
37605
37613
37637
37638
37644
37652
37657
37665
37677
37679
37693
37717
37732
37751
37778
37778
37782
37784
37786
37791
37810
37811
37816
37829
37853
37872
37877
37889
37899
37909
37910
37912
37915
37920
37922
37932
37960
37963
37970
37973
37979
37985
37985
38003
38016
38035
38056
38059
38062
38064
38079
38085
38099
38115
38123
38131
38139
38158
38160
38169
38171
38199
38211
38228
38240
38247
38250
38262
38267
38282
38284
38288
38288
38330
38332
38333
38346
38389
38399
38406
38408
38409
38410
38415
38418
38440
38448
38450
38458
38458
38467
38475
38476
38478
38527
38544
38548
38571
38573
38581
38589
38608
38610
38610
38611
38621
38631
38634
38636
38637
38642
38645
38646
38668
38674
38681
38690
38693
38700
38718
38729
38735
38745
38780
38792
38800
38808
38831
38832
38840
38846
38852
38901
38901
38909
38912
38926
38944
38945
38949
38954
38960
38964
38974
38992
38998
38999
39002
39008
39014
39038
39050
39068
39089
39094
39101
39121
39126
39132
39149
39155
39155
39157
39160
39177
39179
39184
39205
39215
39216
39221
39284
39287
39334
39336
39346
39374
39376
39394
39409
39415
39435
39436
39437
39438
39448
39489
39491
39517
39518
39530
39551
39552
39559
39560
39589
39594
39613
39614
39624
39630
39631
39632
39640
39640
39648
39653
39663
39691
39695
39696
39708
39718
39730
39737
39744
39762
39770
39776
39816
39818
39834
39835
39844
39862
39883
39923
39949
39952
39960
39967
39968
40001
40002
40006
40006
40017
40032
40032
40039
40065
40065
40071
40126
40128
40143
40154
40157
40168
40183
40215
40229
40246
40246
40250
40296
40301
40308
40330
40393
40395
40401
40401
40411
40415
40421
40435
40435
40461
40482
40498
40532
40532
40537
40551
40584
40590
40591
40595
40598
40620
40625
40639
40639
40657
40662
40671
40702
40722
40732
40735
40752
40771
40774
40783
40794
40811
40824
40837
40849
40854
40855
40860
40861
40871
40884
40900
40900
40907
40930
40934
40948
40954
40954
40959
40965
41003
41008
41019
41051
41058
41061
41090
41095
41104
41105
41105
41110
41115
41116
41125
41140
41145
41156
41159
41162
41177
41203
41219
41227
41238
41243
41244
41247
41250
41251
41258
41291
41304
41309
41314
41321
41332
41336
41338
41341
41354
41360
41367
41389
41409
41415
41431
41434
41436
41438
41457
41467
41472
41480
41482
41506
41512
41516
41527
41535
41554
41557
41561
41565
41579
41610
41612
41619
41625
41627
41649
41651
41655
41697
41702
41704
41722
41733
41743
41786
41818
41821
41835
41836
41852
41858
41860
41863
41864
41873
41882
41890
41894
41894
41902
41906
41907
41910
41924
41960
41971
41974
41975
41978
41982
41984
42008
42021
42031
42032
42045
42048
42049
42051
42054
42061
42104
42118
42139
42173
42174
42181
42199
42207
42209
42213
42218
42221
42231
42249
42250
42264
42277
42280
42286
42300
42310
42319
42334
42396
42400
42425
42433
42436
42458
42460
42472
42485
42504
42508
42509
42512
42515
42533
42533
42550
42550
42556
42560
42581
42595
42611
42624
42643
42670
42672
42674
42674
42681
42715
42731
42740
42757
42762
42770
42771
42787
42804
42807
42811
42818
42833
42837
42839
42841
42854
42871
42876
42876
42891
42901
42904
42918
42931
42937
42944
42947
42950
42969
42978
42979
42979
42981
42988
43040
43052
43056
43064
43083
43093
43099
43099
43102
43126
43130
43131
43135
43143
43144
43160
43168
43173
43187
43195
43201
43203
43212
43237
43253
43263
43278
43292
43296
43315
43315
43317
43326
43331
43332
43337
43349
43370
43403
43409
43417
43419
43429
43439
43454
43458
43458
43460
43492
43508
43510
43524
43539
43540
43541
43570
43575
43584
43591
43591
43600
43669
43675
43687
43690
43702
43730
43750
43754
43775
43777
43785
43786
43791
43804
43836
43848
43859
43908
43917
43920
43920
43934
43946
43966
43967
43972
43975
43981
43983
43998
43999
44018
44026
44030
44032
44036
44041
44047
44053
44055
44059
44068
44080
44098
44104
44108
44109
44161
44179
44184
44193
44229
44233
44242
44249
44254
44259
44259
44262
44263
44288
44312
44319
44327
44335
44356
44358
44368
44396
44432
44460
44498
44506
44507
44509
44529
44546
44555
44570
44570
44609
44619
44622
44675
44681
44686
44687
44688
44688
44721
44728
44728
44737
44739
44744
44756
44769
44775
44784
44788
44788
44794
44812
44827
44829
44867
44879
44894
44907
44908
44916
44921
44945
44946
44946
44950
44955
44959
44976
44977
44998
45021
45038
45050
45061
45068
45089
45091
45100
45119
45139
45144
45152
45175
45196
45213
45217
45225
45253
45257
45262
45288
45293
45311
45333
45346
45349
45350
45351
45351
45351
45363
45387
45411
45413
45414
45415
45420
45423
45423
45453
45459
45461
45465
45466
45481
45499
45514
45517
45517
45538
45547
45548
45556
45557
45568
45591
45603
45607
45614
45616
45629
45631
45673
45674
45689
45690
45698
45749
45751
45753
45761
45796
45818
45834
45841
45854
45867
45870
45871
45873
45876
45884
45909
45910
45923
45929
45935
45939
45977
46018
46036
46052
46075
46080
46089
46094
46145
46165
46167
46187
46221
46234
46236
46241
46241
46247
46247
46254
46254
46255
46266
46290
46293
46299
46305
46317
46323
46330
46333
46343
46357
46361
46363
46369
46372
46377
46383
46384
46407
46412
46418
46437
46437
46440
46444
46455
46469
46471
46481
46486
46511
46526
46527
46531
46532
46555
46577
46587
46627
46630
46641
46645
46674
46676
46686
46690
46729
46732
46733
46760
46768
46773
46777
46802
46825
46829
46829
46835
46838
46840
46865
46869
46876
46877
46881
46882
46891
46905
46906
46907
46907
46908
46918
46930
46938
46943
46955
46976
46976
46980
46991
47002
47006
47012
47013
47017
47020
47035
47038
47042
47046
47073
47078
47096
47098
47099
47109
47109
47117
47117
47133
47135
47149
47154
47201
47201
47203
47210
47233
47244
47252
47263
47273
47289
47298
47301
47313
47324
47353
47358
47364
47365
47376
47395
47400
47411
47418
47424
47428
47429
47432
47443
47445
47461
47484
47497
47516
47535
47541
47545
47560
47562
47570
47583
47586
47592
47618
47643
47643
47654
47670
47710
47719
47730
47732
47741
47754
47772
47786
47842
47847
47851
47858
47883
47883
47894
47902
47916
47921
47923
47923
47937
47940
47942
47951
47955
47960
47972
47980
47985
47991
47992
47993
48026
48027
48030
48032
48035
48039
48053
48083
48090
48090
48092
48106
48107
48109
48118
48145
48163
48181
48198
48200
48203
48209
48218
48219
48222
48225
48240
48242
48248
48249
48254
48256
48291
48294
48301
48306
48317
48318
48323
48361
48368
48380
48396
48399
48413
48416
48437
48453
48466
48467
48471
48475
48480
48486
48494
48497
48518
48530
48532
48566
48601
48623
48644
48651
48674
48674
48684
48689
48695
48700
48705
48714
48731
48738
48744
48754
48762
48765
48781
48797
48818
48828
48833
48833
48844
48856
48858
48905
48908
48911
48922
48932
48940
48942
48947
48958
48970
48971
48993
48994
49004
49005
49016
49042
49052
49067
49068
49079
49091
49095
49100
49103
49130
49136
49141
49161
49172
49185
49186
49187
49189
49202
49218
49219
49225
49227
49238
49276
49277
49293
49301
49331
49345
49381
49383
49393
49398
49421
49438
49443
49449
49468
49473
49475
49479
49497
49498
49516
49543
49545
49555
49559
49559
49571
49574
49584
49589
49595
49595
49596
49600
49604
49605
49606
49608
49609
49613
49613
49616
49618
49619
49621
49623
49637
49639
49645
49658
49664
49675
49681
49694
49696
49704
49705
49706
49706
49731
49744
49750
49759
49769
49776
49800
49802
49805
49820
49831
49891
49904
49909
49909
49911
49939
49941
49954
49969
49979
