30626
47867
15244
36245
4589
43163
9152
26031
28598
26598
35008
29463
18314
48322
37590
43173
22658
31407
8153
11959
10720
28667
29960
19209
39276
110
43092
28076
45558
45417
8243
26183
9636
39838
28779
14224
49353
37931
40254
27950
30880
41613
7412
15546
39935
11354
25070
12592
42760
33222
40902
19831
11888
20862
39040
1163
20971
48483
45591
32880
10251
20185
25414
19886
26374
4193
34109
25726
42123
24362
20027
39354
15975
43791
4899
22261
5144
29968
1204
14255
13190
42105
34085
41429
12966
39476
8944
288
37958
20886
49519
14561
41070
24933
34446
17443
29125
18555
9521
37599
42916
45899
43304
25242
6041
48203
13854
11184
44522
15057
41790
24063
23514
42227
15492
36479
48054
40787
3119
2364
11672
2637
16924
19093
27569
1369
2887
23045
19923
12407
26995
29191
24658
36651
4432
30698
34853
18286
8234
45726
49694
23
19789
23207
8601
1632
26038
6655
8770
29156
25370
20441
48144
42293
39533
42065
10013
42419
31461
29936
21178
24808
9126
45835
11458
29909
42884
12662
14546
1117
8387
30592
17492
44527
3798
26092
12510
46187
49098
21279
41694
40819
41719
39838
33111
47603
31902
43124
6374
29714
39411
43903
4521
14888
39737
15978
11148
48972
28639
25694
89
3378
22637
17580
47904
42786
10023
26766
38973
25473
48044
30666
16291
6115
20503
49402
20069
18756
8877
26442
14822
48287
20344
19342
29526
26432
1672
40673
25404
30310
32718
41844
39
5354
9423
14295
48140
35797
41060
3464
11269
39103
34129
27560
45217
20984
43313
15286
6091
18541
8079
20912
33179
44775
6606
12704
21206
8277
3376
12961
4938
2446
4804
4977
24151
14226
19271
38642
16375
10330
42105
27643
49432
26234
21554
11001
13569
14866
42638
19659
33406
17068
6923
16584
11842
13528
45639
49400
21804
15367
12360
43093
17812
17164
48069
8314
47741
17339
46956
14115
44020
39060
8110
9804
31645
29663
37156
45213
10881
46145
31224
44286
13212
38146
27222
25054
18025
39212
40805
6180
4578
3164
49272
38741
36679
13693
47055
772
47383
44010
14886
41403
49421
39347
17558
31066
19010
4713
42630
29890
857
23853
40527
14068
28350
34100
5473
12726
23312
46277
18905
44241
15793
34529
32982
2471
14573
46388
3242
11955
6749
34480
3357
6169
23826
37266
3586
9187
41978
46216
5428
42834
20068
45955
23254
14770
46406
45078
27495
19717
7707
12752
13958
39851
13632
13291
42321
28204
9678
11915
40158
16426
12746
9867
38946
36571
47132
42532
12110
5462
38747
17537
14647
25166
13491
37900
39935
9897
49330
33782
45965
23388
46533
26274
13238
26516
39564
5558
4719
15593
33824
11228
48370
46569
37446
37316
49492
930
29847
11601
6391
18593
29137
21037
10110
8980
25289
45
35228
24618
178
47544
48005
46710
23818
27594
39577
29733
33151
10647
11678
33327
21874
10047
29895
25672
47362
45738
26601
43560
7338
32991
28504
2827
20379
38614
11806
45667
5010
13385
36636
5187
10928
34640
18248
34745
28585
7824
30830
11736
18470
42507
11414
6695
2553
7660
48718
16267
3398
25318
26178
10735
24660
4682
13561
45039
9647
41718
7057
14656
5102
43693
36194
16030
44684
4441
17126
23269
28616
14307
1356
13437
6813
12769
20131
25718
20428
35201
8336
40177
10518
34513
912
1530
5546
30824
12920
15192
38894
19976
46199
43995
13668
32392
26376
8352
3184
9854
47972
31799
24160
49327
45235
30973
12095
31718
23042
48874
16918
31377
39051
43787
15889
6314
11668
37787
3489
24587
19330
42382
10915
15529
36377
40934
14272
29104
15637
17456
38957
13608
15606
13117
12934
10841
10441
41380
8910
33482
6606
42179
14858
12008
35965
47098
18321
13985
34884
21809
38571
4214
30543
15837
36094
33271
6771
365
12374
22407
34172
1331
36015
49778
30799
48948
26970
41239
6680
35879
24720
13285
28057
5929
25292
30373
3026
9964
44357
4262
48124
49280
24827
28666
15116
10920
28288
21886
27636
40662
44293
28160
8344
30307
27937
5494
45606
21258
46732
18637
7136
37803
31921
1544
43731
23564
48268
13108
49879
42625
17369
48003
8256
42195
43020
23371
19466
21308
45257
13454
28321
5901
41613
3016
2559
19549
8509
48164
7158
5240
16801
30645
9394
15073
32188
3124
38637
30455
16231
4867
39431
49952
2869
47686
8498
12241
21057
27964
33548
32665
7769
28220
38565
49381
31235
7475
35281
39743
5638
42438
11334
38790
23082
20727
3863
21621
40202
8851
2075
6432
13717
7858
22735
32938
5543
31233
45178
42951
25548
45077
25615
33316
39648
30531
49048
20882
38005
34328
26976
9995
43117
38309
48784
16198
25387
18998
37818
15588
44200
6244
22019
24269
14101
11106
23558
19644
42338
35087
28946
34237
46515
4561
33904
36162
1443
32951
7043
5800
17278
34018
15794
10394
38678
30929
42943
14064
16279
47112
29651
26830
3355
18021
1098
33808
29126
41007
19803
37815
26093
48748
38403
38959
3308
22306
25120
21103
5256
48514
26902
38885
48883
42695
15630
37560
39975
24924
17975
6253
22035
47625
33083
25390
31998
532
9197
27475
41539
28999
15290
33983
27746
20044
22942
47406
42350
14413
18508
13957
12927
11761
19194
11809
4455
1175
49369
44429
26099
33695
17034
48133
31320
116
39874
13317
16999
15422
7143
8537
44420
38784
8872
38518
8828
48165
2275
17529
12577
37134
31485
41855
48894
17030
3664
3348
18205
19384
14128
44303
3078
31161
8787
749
47628
48661
30417
14627
14082
37560
39515
24854
26343
14738
29723
35170
12902
31997
2698
41831
19130
535
33685
18023
17564
3700
37722
2120
39435
18201
12774
42513
15714
21561
9613
13341
36573
40030
44319
654
43941
33834
41859
20283
48571
21581
21805
27825
3577
40854
19655
39058
7740
19691
23432
41656
23391
27505
43775
12825
45706
22901
21689
27771
44461
31302
7463
31033
37683
1782
48038
31623
1967
39897
18257
537
27829
6413
44713
31406
13619
14367
36815
21358
410
10247
29365
23800
4103
39492
2976
16160
12392
41017
43930
6852
38670
1393
4236
26352
19526
2273
24326
21492
8521
42582
38380
36350
15347
33093
34107
28965
13811
37273
16674
14220
13871
46039
4371
17974
35530
23699
34133
47921
14715
44415
21124
3384
12159
25359
46087
31684
43983
20412
19527
2504
29345
7906
5205
44691
7350
5663
23655
21161
42935
40329
1732
6806
2719
22455
41131
38248
46153
41615
2520
27219
36029
23643
46954
48187
49001
43040
46222
9335
29803
15748
28190
9147
40006
33394
3838
47355
5408
43844
34867
48343
524
2951
21500
3242
25405
12630
41489
37909
20596
44008
31479
6625
17650
28432
21163
33002
37823
17385
42337
17625
49484
20526
43123
39489
20272
46960
3196
25679
7156
4414
40373
7679
7364
28224
10921
49120
7205
18761
3380
27801
29121
34858
34425
46770
29641
5587
46124
17463
39323
4812
1439
38807
41689
44562
28295
28312
7873
47842
20343
15028
2256
10715
39059
25971
5291
49979
41443
12495
35091
44822
40295
14211
46032
41071
27333
42024
13010
23456
9487
2332
44619
27277
41138
2659
21838
35785
30971
46063
33626
1313
27442
2233
28379
16500
28204
21
32830
35998
12516
17921
47171
19162
32131
43202
26585
9463
35226
39594
32918
11064
8277
43888
4692
49415
46547
26530
1551
27517
38944
35176
45181
16385
3761
39911
32885
31964
39932
15714
34313
18799
33634
31483
37960
15765
41037
14544
25227
42614
20489
24497
20029
28766
18384
24720
44532
31282
17601
46082
25150
6544
47609
36682
22929
1369
26593
5813
49684
32876
37878
33996
1674
21512
31831
39633
3628
22867
20529
45206
15480
7369
19702
1860
36134
4438
26579
30665
35719
44180
43098
10869
723
40707
47550
40003
42075
40494
12167
8111
23369
45
42106
25042
37908
40288
31027
41535
13154
17907
36740
44985
25275
22794
46844
27761
27231
39775
24777
29301
33954
17875
6521
1028
24933
20423
41031
33359
10916
19549
41469
637
19593
49927
25678
23852
40214
23056
15386
19720
40962
18478
14704
32589
7623
27900
26701
34853
17674
1477
30505
1627
35703
37026
19006
26987
7448
26388
10346
18363
45937
18166
18999
15529
18092
11029
5733
24658
436
21118
44377
41398
5947
9080
40338
13569
36979
33390
14773
21004
34866
45278
22630
36921
32303
7988
13907
39750
34375
40604
24464
30311
8770
9815
12192
26861
37195
17924
1518
37630
5393
45894
45379
27692
21326
2068
41260
24656
35457
22385
45660
20323
17662
34641
23595
16316
42628
3853
22417
43355
44457
13232
23665
3226
23046
2208
30086
26592
36483
47956
14222
41876
10201
9600
19567
31526
28020
27178
22534
13476
49562
18193
150
33575
19185
23744
49890
11813
27597
38658
21519
22053
1890
11535
41630
24935
13743
38067
17879
225
36022
32100
8452
12575
8051
44370
10452
36070
21548
32985
49546
37461
17529
49695
37388
36714
39791
3629
14878
33739
42287
36396
22143
44176
47930
13772
35462
28024
1838
3340
28249
37860
1791
36700
16786
9842
47422
27237
12263
18969
10222
28160
22781
27750
44207
26520
30815
33997
30149
45692
34087
22435
48439
6229
32962
46369
20000
18423
40744
21837
38115
18992
26048
39905
22044
42833
16098
19465
36422
28361
4785
46643
22872
43917
40744
17078
20437
21559
17426
585
33602
1512
39371
32041
24092
22332
44761
44091
7106
1856
32280
45220
20848
24679
35125
9243
33864
1222
45059
20285
45934
16195
33279
18806
10111
40374
2235
46899
11932
19661
47483
11886
37524
3205
10278
11616
25536
21390
22058
32642
23245
20689
27861
10444
45368
29337
19686
45583
46911
31096
32219
42844
47290
15497
28001
23753
5870
30236
20651
34154
16248
34486
12391
3771
37690
22668
15386
29578
44057
3796
12219
17301
24484
6431
44097
19851
35768
30134
31785
32678
11230
14003
25521
24871
45851
19874
14975
18073
109
1978
18578
16356
36463
30968
36478
40504
3635
1864
20081
14043
22011
32299
47695
46494
5082
41791
32697
40849
21925
14481
23526
49506
44836
15398
40728
40686
1623
5703
25110
1731
7680
43687
34438
10494
24654
20916
17349
44640
39131
37430
8682
11141
36080
22729
7634
41161
14519
40330
48361
2795
21163
38238
18652
15998
3636
9380
23035
5258
31434
48145
23341
5465
41831
7778
32310
32837
45045
49658
27476
34175
37087
2510
45315
39519
25238
19301
30679
6108
25982
45392
25255
47144
33629
43906
13141
37264
19637
2528
8874
1070
672
48566
22886
42502
22695
5195
25338
17740
4853
19166
18266
8291
21675
29933
47809
13264
49233
44840
35723
41566
40231
10977
38710
40211
21235
18202
27475
40871
20729
2700
8293
21400
17617
31178
30254
40311
2725
21943
24402
7577
41108
42668
32219
29134
38952
46380
8749
38184
7571
44472
29749
14153
21800
34810
4363
43034
3012
48189
257
40092
888
24901
27844
34856
22430
8097
41519
25154
46391
15920
49082
3851
24939
31301
32984
13890
27680
8085
18425
35250
2556
14526
49402
24355
49335
20116
33741
18698
18305
33997
8790
35544
25249
36633
20400
47678
11081
11918
39184
7471
44189
38265
11321
19128
35917
10657
49369
29948
18741
17794
31549
21296
32319
47302
12002
48005
17418
45742
16703
35722
46090
25492
21265
21338
28476
41664
35368
39556
19933
24551
47026
14122
29167
24699
49601
15084
35355
48969
45031
4095
16762
26580
41742
15432
23881
3743
13437
7650
49485
46491
43371
45574
21982
14636
33264
16809
22651
18631
6364
42584
9533
19741
6705
38699
44439
22657
3782
29793
21625
15165
239
4739
8096
41980
20170
48328
45723
49958
5978
11559
46448
49348
23484
34781
30335
6747
1589
2986
41729
24304
11921
17613
10397
34977
6312
4835
7633
26445
980
29257
7961
1218
33995
16056
43198
20517
14384
5272
36826
20361
16830
49626
36060
40313
34406
32747
13412
2347
35732
5140
26650
14004
22753
37046
48980
45416
8233
6612
21860
9212
35868
29821
26781
36215
12228
36330
23083
26611
41601
26260
13323
24782
25885
15735
15095
10291
48481
28506
12637
564
49997
5638
14567
39101
9036
13546
868
17268
20157
39080
42831
22376
18900
19611
24942
47479
5941
14376
40442
13893
40636
3764
38675
16520
35850
20121
26810
34330
48626
5798
34893
14974
27788
49459
20427
36823
13004
21294
4090
49512
10373
13272
21888
45624
32882
13181
43103
5174
27557
33544
35419
18192
3659
24093
34711
39509
44213
27873
23838
9190
22
25083
40515
27809
24541
10941
14631
3897
48587
35072
3408
8959
48343
41647
20935
47577
4828
30389
2750
48736
13932
4520
16927
33942
28612
17989
23450
39176
12213
13640
14717
12235
38722
5232
6395
29614
32524
37378
33510
31110
22449
3270
6421
37144
11268
27355
34720
32447
7743
3821
31182
38026
8341
14460
38319
3304
48801
11769
8832
11013
41760
23548
39599
46833
28779
45994
42798
27655
33371
42660
25116
22171
45929
31536
9314
23548
25242
10385
5995
49336
30558
37176
3713
38898
17988
42032
8553
16788
20152
17384
27800
28263
40932
33751
41447
36062
29744
34244
30068
29466
26903
5184
17988
39183
3071
43654
12731
44665
4038
18725
44000
34595
22252
14065
39844
40239
22448
14749
23378
8951
32132
17530
37213
39415
1280
28659
25477
47375
12902
21896
26840
39805
27079
11179
45339
30150
4832
8069
24814
8870
26793
35165
9816
15397
15581
16012
21987
38028
30760
45365
46978
29243
12894
542
18658
14173
29200
10486
27899
8454
32381
21090
14610
25812
32268
9948
5961
37100
18017
47126
12321
11161
48642
38488
42909
14223
20851
14896
2250
17962
26612
15580
47205
39505
16121
32214
20029
11673
42699
47927
20126
41431
35368
34735
17242
17635
11034
39554
21086
45402
36679
49758
6563
1673
38246
15823
15895
9096
30718
34496
27058
7329
16427
40614
13185
32548
22827
49565
44220
15525
47491
30697
23307
49210
31783
40549
16845
42816
30102
37930
38218
33133
37688
11132
34805
42285
26954
17051
17732
24024
17898
11141
31352
34325
1754
10889
33224
24580
10453
27443
6456
24296
24491
29763
23505
6273
36663
40349
15440
33116
44631
20009
16248
48670
31140
17404
40954
24446
806
25037
48469
18704
36178
46172
3028
37931
7060
36251
28863
17513
30045
35318
8160
20887
31432
31664
43511
34446
38365
8950
17562
32995
28959
161
48016
26450
33917
38969
895
34722
14005
49363
19777
16534
45535
39156
4465
18946
41758
49679
2810
21802
1348
10969
9040
32780
42633
2550
17225
30997
11500
1138
30343
6810
1299
28358
33259
35215
33678
506
36288
14034
49868
6065
30568
11754
45220
1384
47052
36978
1062
49861
25131
2409
10830
34171
35188
3462
36720
18765
810
14571
19902
31152
37732
37552
25861
37343
22766
9538
37848
9054
23571
37715
31470
4138
15821
26689
5521
12872
13666
22934
12732
38797
25343
39913
39319
26882
43374
42390
11998
10535
23313
48252
8038
11044
35803
33898
48386
24921
43435
36233
326
17006
40300
31795
37495
22472
8483
9368
35343
38501
32301
14426
43649
7643
4339
32967
877
14064
41708
12874
40951
15020
11125
48988
26064
46928
32886
24449
38200
26320
27034
38525
9677
33685
36671
13524
6156
45153
22891
41498
5
21543
22275
43653
45538
42965
42971
46414
7029
34679
25639
47979
49698
36764
13318
42113
43
46203
16562
38242
38875
9947
43118
14903
43631
29788
28426
49786
41292
17668
7635
41297
5563
46261
1301
1100
39226
10624
13865
12606
45302
39503
10584
11351
26266
40253
3464
42660
36456
36377
47253
41682
46323
40370
6584
6305
36509
1362
6090
27801
35381
30076
35449
40943
26336
3101
8394
15561
13724
22258
28166
25377
11761
5101
36728
38026
45354
40191
47038
48161
42919
44290
6194
39241
34660
29129
11897
37520
46842
34338
31672
32223
14413
17120
39517
7100
36573
47911
22661
296
20168
17178
42025
31928
38631
28752
36306
336
35294
33343
14848
28212
43984
21041
33804
44995
16521
45700
32515
13363
30037
14186
11937
10801
47658
1453
17900
34230
49363
6912
877
35883
40442
42901
34162
29072
38004
20467
45759
23297
20161
10606
1508
14145
47998
1663
9139
14518
13714
8005
44232
43750
22191
6168
20902
19848
7621
5154
20429
23335
28417
37657
9217
18858
30558
43379
14281
18561
30197
10039
8210
16710
36996
26069
47206
1345
27732
22696
32215
41445
30701
26446
1547
2891
32614
22448
39090
6586
43953
25870
29920
22370
13526
5489
41227
44083
15219
21860
28996
45415
48250
3557
28476
35246
29625
25681
2942
7356
48377
35156
15153
29077
11602
16699
48319
44215
5498
37408
17152
49451
29629
13423
38172
43154
18911
29398
3589
481
17609
48936
12248
15859
2492
40723
17456
32116
16404
20397
5824
14780
5553
20976
10208
17154
4026
8526
27720
9523
12285
11223
25325
41913
24645
13496
1418
9908
9246
5006
10388
26854
20293
22635
42712
22784
29710
26519
21252
46113
46916
27075
27244
18820
48050
3803
35973
2075
12328
30044
27949
40964
41266
3274
49228
32262
33121
645
42169
42366
22003
18909
35572
8647
41543
28283
31431
21252
21154
2682
33716
18069
46108
27311
36888
10509
31113
39212
12583
43440
35607
6883
755
43224
26508
49982
25485
9629
16979
34006
1994
5333
2914
37565
13979
10808
32200
11761
48412
19705
30794
48479
37773
26901
25790
41012
3761
6902
46575
32695
16694
32181
39578
17448
41756
16085
33782
33592
25713
760
17597
44059
22444
36862
47975
2774
14022
46526
14535
12433
16230
11680
10911
20354
4933
36700
11365
8693
9954
7939
41388
26647
6471
47317
44094
48226
13401
27875
31818
5466
44986
15766
15876
33781
18980
13850
36555
33001
10376
17441
11785
42957
45472
22695
13311
404
25747
24675
25449
35700
48966
33188
28698
21788
30504
22791
20014
10256
17018
18183
15721
28355
300
31596
12136
19279
11798
15042
18631
38525
32482
30415
31481
27953
19462
11143
44709
45208
2170
20157
47259
1135
3344
25956
39274
199
15098
9287
10454
32115
43821
26175
26822
10473
24122
38957
29751
2271
3998
48382
40795
2831
45148
38628
30783
14609
49770
41843
9816
1939
11999
23426
19425
31694
15733
8699
31892
30831
34337
42346
29297
44510
34872
6118
4982
8993
11426
1084
27616
15423
15817
18410
34605
10965
23389
15388
25573
23159
23582
1741
41449
35581
41518
27226
17274
7251
2276
15518
4433
36612
7863
81
47473
42734
6199
2454
18078
33976
19890
12045
15751
35706
30455
355
13022
20195
32094
38595
9705
5676
6687
1154
41256
48204
44731
24881
21806
47006
6750
26238
33617
14612
26319
47442
23697
48869
49895
8127
32844
36136
20171
48594
38194
16977
15301
1215
37172
47394
6161
46876
3069
12847
14381
10676
27403
9111
1909
49208
22468
8658
25446
22437
39622
18116
19878
29670
16984
36124
4148
49827
22260
40671
14773
10453
23999
30073
11667
11170
43818
34180
24398
46887
47026
5130
23914
40780
30593
42174
39988
3060
17184
31785
25496
23157
49900
11725
2826
33235
47849
23326
49413
20108
30348
14185
30560
4346
10609
8578
31868
4427
42757
6265
17665
6135
27746
41578
46914
8338
33752
3253
27750
17287
35037
19597
40443
1288
31322
9620
34522
29170
32945
33935
49277
29644
14471
46188
33990
25080
4765
15857
29506
47522
22121
47170
3656
16218
5099
569
24556
5202
20174
2305
22488
5210
21901
29282
22850
19574
38902
23723
48743
38198
24009
48019
17842
38480
10558
1831
29911
15323
34039
25768
12844
22511
39289
32851
38728
44387
33419
13283
15941
3592
31939
38428
25154
20192
17710
14355
39765
22963
4429
38508
27512
28438
2878
45353
33269
13436
13535
29531
45110
47573
5298
7953
20083
44586
40803
25163
38972
40573
38445
4912
10517
36736
9692
2022
6927
43753
32728
13043
33067
37156
1550
10578
31945
20780
5931
15213
567
35817
44743
45676
33390
40
19980
19824
10977
27134
44986
16301
17706
49783
37564
44574
2870
47255
12947
9796
7359
45674
39190
40425
32830
7092
1003
14774
27871
23285
46339
44789
9101
7433
40464
8842
23825
26795
45018
34801
3928
6355
1101
37985
6137
38665
32559
9006
2271
11857
35153
25982
7531
24343
16406
6712
47786
33760
37837
25656
7044
527
36796
32497
7960
43611
41338
31784
20405
2707
16584
24332
9062
34037
12316
31550
22701
11226
6908
41323
39435
8412
17304
46965
49106
62
20028
46891
33821
24216
38898
7217
24743
25693
39713
32702
19303
47402
14485
39707
109
47420
30390
9170
31456
42706
7071
20508
20283
13978
28183
9717
22390
45486
23033
21495
11899
9412
18386
45720
33628
7283
19288
8370
32976
9000
7423
18630
22753
38259
8337
22861
35678
38726
48382
33486
47783
5453
3993
34418
19430
32175
10486
8171
44013
49871
29666
5911
9282
48051
17982
42909
21685
37269
17630
21012
12620
25052
39642
35373
13310
47978
8233
15340
3055
22967
48825
17190
28419
19169
1607
14200
17696
28444
38723
11708
28314
18388
33970
3948
32790
18304
46856
4474
5572
30838
41838
34544
22241
31479
19916
1903
45808
44500
17242
48862
17466
32418
32403
12236
1586
34009
42788
19281
28805
31510
47340
7118
49897
47662
11065
49038
15965
24273
19863
37888
21462
11700
22431
10054
43178
42346
11956
38985
36846
45549
4199
20663
27966
36601
32899
45904
36962
25686
31536
15766
23547
28876
39235
23443
42889
16652
38832
8853
7276
8694
13092
28737
20394
1875
38790
29923
10572
17098
35260
13769
12646
39458
34432
6964
42410
33682
2867
29371
9367
754
11488
49265
29629
723
39059
38869
33726
27890
14073
41001
36583
27165
19737
23328
45391
24878
19603
5962
41975
4862
19731
20973
44319
4162
27936
36728
4195
47154
32451
29913
47907
43938
29177
43888
11012
18235
49108
44737
46124
13181
35737
49058
6697
21825
38738
2087
46703
8340
8048
5029
29553
44130
26001
23871
14643
20288
26950
18837
33793
9400
48749
48052
19690
27925
8291
30701
12511
7398
41790
24986
20578
27526
24044
27274
49351
29133
45712
12405
3824
20112
17433
33376
14241
43434
23598
28884
30073
547
47720
13866
26299
12821
11917
12340
7097
20207
9392
19608
43956
1181
44593
14534
28707
34988
8159
44409
14120
20223
6813
34295
40334
24245
17670
4574
34030
7619
49809
14103
24518
13881
44320
17168
26701
22588
29507
33797
42794
38898
19756
3101
40079
14349
17634
35137
15688
42145
29545
46160
12367
36357
30454
19052
26953
14476
23625
10983
22094
23434
41437
12963
3666
2108
30130
30366
24695
9636
30514
33840
14886
270
36940
4964
30970
4574
40100
46657
13070
19644
42816
41788
22352
39622
10839
49304
4097
815
26638
42542
40600
18074
5505
44265
20181
35634
24630
11227
11622
21496
45066
26507
38117
32006
47822
19086
2931
37921
32094
16000
23916
24910
24139
46267
30883
34977
11922
34979
35791
38560
43872
26391
22985
49376
20655
9518
1362
11637
20744
12983
33132
15810
5841
37600
47815
3662
6685
745
7934
38778
33096
48201
30039
7234
10819
27273
8562
22740
12251
10704
27651
22475
3446
636
38202
40453
26505
39563
2089
47248
18897
1572
29409
41089
39171
43575
44750
12207
10671
19035
17336
43766
17235
13727
17351
28053
40999
42264
17145
19602
2968
44795
42076
6413
11782
46629
46865
38286
2544
15305
1886
21440
33228
47646
28881
38750
41221
39982
17308
1891
9017
34644
12009
42603
14722
45711
20656
22072
37975
37800
41673
40942
48946
100
13706
10728
46729
26923
49013
49272
42227
17250
37063
41807
14896
15943
46908
6116
22277
14216
24358
31293
15211
2718
23895
29932
48429
10902
2003
36403
48701
10028
43696
47647
10127
7401
24726
23207
34323
23738
22478
42902
7340
25893
34708
22235
8187
31615
44702
30463
12182
35411
11755
27392
38129
2002
23675
2909
12903
25678
39311
27956
2057
49358
25602
12183
6758
16679
1742
7433
40416
24219
334
14107
16463
1393
36341
24650
49359
47394
5112
11541
32805
33219
5284
37285
35220
28959
40193
48122
20988
29503
26077
23044
45212
18030
1578
18321
34708
3319
25753
41476
43890
42438
5582
26704
10182
8275
1353
9541
5668
6465
37433
4824
39683
9068
42108
41254
4378
32300
39375
25365
28154
31804
14760
23365
16185
32690
41686
17245
2360
33790
25072
12601
26228
30653
39305
36409
5279
40657
12301
10947
13473
16085
32122
19507
25153
24230
10760
29530
6529
16487
21247
34683
48290
2358
24399
30826
35047
16084
48070
3759
16226
23141
16359
42453
20146
22015
45213
25424
29024
7514
2722
42496
23598
34844
28355
15102
9073
39114
10984
31953
5600
32230
32987
20241
34587
7386
1067
35986
39821
15488
39744
6046
38629
22454
14850
25126
10821
10063
16901
39844
33928
35975
48691
23877
20818
27045
38979
46242
16159
49962
44546
21758
48543
27533
8351
33129
1270
9417
35466
7442
24904
41561
29840
29884
14015
44689
5009
41187
21103
38262
31030
5030
24236
29720
28907
11405
6765
34237
7646
39275
34198
18543
27384
49092
46075
35734
32220
13696
11502
34038
21138
36406
25598
977
32641
5964
12017
4002
47150
33120
42263
28179
38149
16498
24251
33407
27902
47367
17643
1899
36641
1840
20441
30376
931
32868
16110
49503
46563
27611
33540
34052
30368
25489
1380
29361
31453
13397
33362
28602
12868
41976
23133
1016
24825
13735
34423
19078
11101
18417
20976
14093
20257
7768
44468
37539
6987
26929
3393
3550
4540
3284
3953
1259
28773
21685
30619
26577
35081
30332
21530
14300
22307
11014
15315
13483
24748
16089
32560
2200
34506
3535
16292
21114
27655
27112
25004
34641
4040
44749
4542
24931
48032
8495
42542
43156
30179
39512
19732
31611
19844
7614
45910
8502
18627
27576
21985
43375
10017
4544
11926
10874
24431
28218
48339
2085
5329
23342
36725
25720
18090
7619
651
32474
16113
43192
25629
12643
32703
11713
44253
18898
19326
6514
27400
37952
441
15736
47678
10457
36631
9604
21330
11061
37821
36020
29497
9501
9362
32574
35220
43803
40192
2222
26276
22656
45413
18257
35298
44468
29969
45902
13365
49294
2415
7116
37245
2855
22851
34923
29664
9482
44526
17345
36894
48698
3365
32743
24550
29078
15316
26121
22880
5507
28343
15508
44514
23755
33764
29811
18222
13732
25712
47939
13025
44478
5054
16621
13684
44257
17895
9699
20090
28772
27044
6983
43821
30408
6077
18370
9485
21392
44491
48716
43250
22833
14223
37763
12939
47986
33925
47513
28069
25988
45451
7445
36817
16856
24066
501
11112
8312
26551
31201
37084
3594
4536
47256
353
10612
15626
26189
48356
26468
24905
41605
49300
5479
45720
28590
3465
45996
26102
47885
21984
37904
5330
8800
21112
45747
25652
32223
4058
2203
29776
7493
22148
34311
4749
38853
11274
36726
15041
9629
13193
6297
17586
28844
11776
29657
7433
31592
25652
49887
29476
47635
4142
34805
22787
25253
30551
48438
23828
961
16992
3603
8453
39140
37913
29553
44344
49186
32630
9384
8815
45822
15681
42752
24665
27456
22408
48450
25399
48059
48336
4874
45694
18829
39679
18480
44082
36581
33269
17909
37541
16613
21511
12346
22104
25775
41898
16447
41312
24528
25830
16478
36701
7862
9229
27718
1669
31636
26167
27067
29695
40854
31941
41740
9682
37971
26571
20115
24551
26191
38023
12092
42803
25885
24437
14906
1659
32686
31352
9323
23565
23534
25800
10266
31395
35029
4335
49416
16664
30501
26482
12710
21354
24774
20801
31035
12744
47371
1150
37295
23562
5524
15738
32716
47761
40174
47622
15771
39211
45325
25093
29128
18858
893
39393
16605
35921
43727
32372
18936
40579
25205
47998
11932
49979
18798
9318
29074
32521
26819
32720
22434
48695
48457
5149
46455
4982
19122
12225
44193
30799
3670
23320
16008
4562
29064
48964
6834
39142
31335
42121
29720
6540
40118
8003
22870
25268
33672
1943
7788
26843
34663
46573
25537
33119
1721
38343
38101
37195
16919
48645
17993
20588
38316
34000
25149
17379
32964
48334
22872
14298
40455
18943
37189
30572
26945
10058
22191
26968
28353
29978
20162
13015
26550
12050
12485
44623
392
16937
31817
17311
31933
16161
4250
20248
160
29399
3978
49475
44084
26849
30125
34538
45791
17313
31462
39087
43723
3652
32407
22075
49982
2568
1441
26531
14618
30277
37505
15009
13566
19321
48671
45498
1833
2921
15746
1993
48671
19723
17819
9106
12924
47943
43644
8714
31608
25105
14153
25330
45108
46559
13756
45089
49126
31548
21620
30095
28176
25476
11456
41741
11149
10126
3591
12981
29398
19336
31325
44420
5410
49144
3526
34685
13438
13521
9751
45045
38625
23903
36726
84
36813
481
45173
35938
48380
33144
32385
26556
8619
43840
18296
19767
3965
21886
32748
49715
7573
14072
10486
29335
29567
30363
14019
43005
43883
23769
38049
48859
14023
41127
48943
835
41607
44115
3125
39987
27258
35509
32894
2228
29348
1189
21995
33312
39427
21094
49378
13351
1517
9864
42685
31084
40226
23056
40440
461
13176
44840
49319
27199
35966
14613
28033
43925
8727
31157
33911
2336
33017
33156
4564
12364
34344
42910
12028
40122
14003
11405
3473
15519
37620
12509
12954
44198
1916
3393
44658
15092
14585
10328
8642
550
24941
36674
44474
19
34183
44736
18707
17199
27891
39622
45915
28587
32531
7942
35060
46533
19346
4884
28403
23318
17393
7709
33867
35660
27453
28524
751
42037
5203
9392
8939
46495
12418
3412
46514
12952
14500
15220
46502
8742
4841
42416
37328
3723
16709
38740
16607
2407
43623
11361
25724
11015
19069
9590
13027
46522
4465
13777
38558
26019
39521
47496
22514
18290
17260
19027
47593
48111
598
10446
6852
21790
2862
10532
41864
35922
49271
8470
38328
42893
19830
14051
20260
38899
39992
33286
1772
44456
13414
6681
20475
19286
20529
9340
37575
37788
44718
1519
2250
11667
11965
9101
49808
31178
19632
41671
17099
35254
16492
5427
28147
36321
35829
14758
41571
25821
14395
43342
36628
27808
23
23454
47094
36903
32793
1020
24690
27510
2539
26939
39176
30855
2391
38983
12032
38375
47005
29130
23628
13496
908
18126
16169
36737
49235
7739
12557
13629
17433
15536
7789
33807
38990
4882
20709
38134
22253
11750
15644
41143
5040
21171
21997
7430
26506
34028
12156
23510
29510
2136
3358
30417
36613
19526
33505
35848
43616
46061
49476
11048
27949
7264
44854
16938
28497
31914
5071
17102
43663
37066
8244
48702
24589
46593
22484
1094
46972
34639
40955
26481
3126
10664
23250
39739
30189
6754
25586
23805
19167
41413
1204
47115
15029
46058
30404
43525
44323
35474
26978
37986
38892
1574
3039
13480
48166
25522
30925
45137
26513
38231
37970
45990
48895
11219
35728
29083
34324
11313
19239
3490
2726
20443
16956
34106
32852
47359
43982
27174
49185
20960
31511
38076
22533
34550
17907
37050
26423
48831
32186
19287
37061
36507
15277
2307
47725
1004
31390
32049
28669
16980
1890
47746
37422
18846
31851
36625
32556
25832
30151
31740
13143
11661
36167
35675
12562
4073
39076
38985
19255
21262
24623
22668
24120
39899
24974
21845
7255
22715
20245
2275
39695
38486
16372
43468
23683
48222
30093
6239
40405
10243
37978
3548
38255
40497
5574
817
10921
44650
39801
30176
32263
30775
2843
6382
37026
44168
44578
10632
16883
31174
12906
6577
19660
29277
16396
9694
43850
12840
15932
606
23082
20262
20505
11337
10758
26079
28505
21678
37080
18305
1853
35694
15431
21047
8427
2456
15215
19357
13087
48449
530
25992
21377
36541
21620
37772
46235
31821
612
12166
32427
40045
48779
2931
17733
9536
45361
46237
31214
32440
30893
49418
34485
46324
36817
42912
48779
18383
28620
28218
33183
29149
4209
4559
32042
42181
42330
44628
24001
9293
6793
22779
49338
21924
25710
33422
31459
21070
29659
29024
19862
10551
44794
20698
23226
47962
29961
38357
16344
