5
19
21
22
23
23
39
40
43
45
45
62
81
84
89
100
109
109
110
116
150
160
161
178
199
225
239
257
270
288
296
300
326
334
336
353
355
365
392
404
410
436
441
461
481
481
501
506
524
527
530
532
535
537
542
547
550
564
567
569
585
598
606
612
636
637
645
651
654
672
723
723
745
749
751
754
755
760
772
806
810
815
817
835
857
868
877
877
888
893
895
908
912
930
931
961
977
980
1003
1004
1016
1020
1028
1062
1067
1070
1084
1094
1098
1100
1101
1117
1135
1138
1150
1154
1163
1175
1181
1189
1204
1204
1215
1218
1222
1259
1270
1280
1288
1299
1301
1313
1331
1345
1348
1353
1356
1362
1362
1369
1369
1380
1384
1393
1393
1418
1439
1441
1443
1453
1477
1508
1512
1517
1518
1519
1530
1544
1547
1550
1551
1572
1574
1578
1586
1589
1607
1623
1627
1632
1659
1663
1669
1672
1673
1674
1721
1731
1732
1741
1742
1754
1772
1782
1791
1831
1833
1838
1840
1853
1856
1860
1864
1875
1886
1890
1890
1891
1899
1903
1909
1916
1939
1943
1967
1978
1993
1994
2002
2003
2022
2057
2068
2075
2075
2085
2087
2089
2108
2120
2136
2170
2200
2203
2208
2222
2228
2233
2235
2250
2250
2256
2271
2271
2273
2275
2275
2276
2305
2307
2332
2336
2347
2358
2360
2364
2391
2407
2409
2415
2446
2454
2456
2471
2492
2504
2510
2520
2528
2539
2544
2550
2553
2556
2559
2568
2637
2659
2682
2698
2700
2707
2718
2719
2722
2725
2726
2750
2774
2795
2810
2826
2827
2831
2843
2855
2862
2867
2869
2870
2878
2887
2891
2909
2914
2921
2931
2931
2942
2951
2968
2976
2986
3012
3016
3026
3028
3039
3055
3060
3069
3071
3078
3101
3101
3119
3124
3125
3126
3164
3184
3196
3205
3226
3242
3242
3253
3270
3274
3284
3304
3308
3319
3340
3344
3348
3355
3357
3358
3365
3376
3378
3380
3384
3393
3393
3398
3408
3412
3446
3462
3464
3464
3465
3473
3489
3490
3526
3535
3548
3550
3557
3577
3586
3589
3591
3592
3594
3603
3628
3629
3635
3636
3652
3656
3659
3662
3664
3666
3670
3700
3713
3723
3743
3759
3761
3761
3764
3771
3782
3796
3798
3803
3821
3824
3838
3851
3853
3863
3897
3928
3948
3953
3965
3978
3993
3998
4002
4026
4038
4040
4058
4073
4090
4095
4097
4103
4138
4142
4148
4162
4193
4195
4199
4209
4214
4236
4250
4262
4335
4339
4346
4363
4371
4378
4414
4427
4429
4432
4433
4438
4441
4455
4465
4465
4474
4520
4521
4536
4540
4542
4544
4559
4561
4562
4564
4574
4574
4578
4589
4682
4692
4713
4719
4739
4749
4765
4785
4804
4812
4824
4828
4832
4835
4841
4853
4862
4867
4874
4882
4884
4899
4912
4933
4938
4964
4977
4982
4982
5006
5009
5010
5029
5030
5040
5054
5071
5082
5099
5101
5102
5112
5130
5140
5144
5149
5154
5174
5184
5187
5195
5202
5203
5205
5210
5232
5240
5256
5258
5272
5279
5284
5291
5298
5329
5330
5333
5354
5393
5408
5410
5427
5428
5453
5462
5465
5466
5473
5479
5489
5494
5498
5505
5507
5521
5524
5543
5546
5553
5558
5563
5572
5574
5582
5587
5600
5638
5638
5663
5668
5676
5703
5733
5798
5800
5813
5824
5841
5870
5901
5911
5929
5931
5941
5947
5961
5962
5964
5978
5995
6041
6046
6065
6077
6090
6091
6108
6115
6116
6118
6135
6137
6156
6161
6168
6169
6180
6194
6199
6229
6239
6244
6253
6265
6273
6297
6305
6312
6314
6355
6364
6374
6382
6391
6395
6413
6413
6421
6431
6432
6456
6465
6471
6514
6521
6529
6540
6544
6563
6577
6584
6586
6606
6606
6612
6625
6655
6680
6681
6685
6687
6695
6697
6705
6712
6747
6749
6750
6754
6758
6765
6771
6793
6806
6810
6813
6813
6834
6852
6852
6883
6902
6908
6912
6923
6927
6964
6983
6987
7029
7043
7044
7057
7060
7071
7092
7097
7100
7106
7116
7118
7136
7143
7156
7158
7205
7217
7234
7251
7255
7264
7276
7283
7329
7338
7340
7350
7356
7359
7364
7369
7386
7398
7401
7412
7423
7430
7433
7433
7433
7442
7445
7448
7463
7471
7475
7493
7514
7531
7571
7573
7577
7614
7619
7619
7621
7623
7633
7634
7635
7643
7646
7650
7660
7679
7680
7707
7709
7739
7740
7743
7768
7769
7778
7788
7789
7824
7858
7862
7863
7873
7906
7934
7939
7942
7953
7960
7961
7988
8003
8005
8038
8048
8051
8069
8079
8085
8096
8097
8110
8111
8127
8153
8159
8160
8171
8187
8210
8233
8233
8234
8243
8244
8256
8275
8277
8277
8291
8291
8293
8312
8314
8336
8337
8338
8340
8341
8344
8351
8352
8370
8387
8394
8412
8427
8452
8453
8454
8470
8483
8495
8498
8502
8509
8521
8526
8537
8553
8562
8578
8601
8619
8642
8647
8658
8682
8693
8694
8699
8714
8727
8742
8749
8770
8770
8787
8790
8800
8815
8828
8832
8842
8851
8853
8870
8872
8874
8877
8910
8939
8944
8950
8951
8959
8980
8993
9000
9006
9017
9036
9040
9054
9062
9068
9073
9080
9096
9101
9101
9106
9111
9126
9139
9147
9152
9170
9187
9190
9197
9212
9217
9229
9243
9246
9282
9287
9293
9314
9318
9323
9335
9340
9362
9367
9368
9380
9384
9392
9392
9394
9400
9412
9417
9423
9463
9482
9485
9487
9501
9518
9521
9523
9533
9536
9538
9541
9590
9600
9604
9613
9620
9629
9629
9636
9636
9647
9677
9678
9682
9692
9694
9699
9705
9717
9751
9796
9804
9815
9816
9816
9842
9854
9864
9867
9897
9908
9947
9948
9954
9964
9995
10013
10017
10023
10028
10039
10047
10054
10058
10063
10110
10111
10126
10127
10182
10201
10208
10222
10243
10247
10251
10256
10266
10278
10291
10328
10330
10346
10373
10376
10385
10388
10394
10397
10441
10444
10446
10452
10453
10453
10454
10457
10473
10486
10486
10486
10494
10509
10517
10518
10532
10535
10551
10558
10572
10578
10584
10606
10609
10612
10624
10632
10647
10657
10664
10671
10676
10704
10715
10720
10728
10735
10758
10760
10801
10808
10819
10821
10830
10839
10841
10869
10874
10881
10889
10902
10911
10915
10916
10920
10921
10921
10928
10941
10947
10965
10969
10977
10977
10983
10984
11001
11012
11013
11014
11015
11029
11034
11044
11048
11061
11064
11065
11081
11101
11106
11112
11125
11132
11141
11141
11143
11148
11149
11161
11170
11179
11184
11219
11223
11226
11227
11228
11230
11268
11269
11274
11313
11321
11334
11337
11351
11354
11361
11365
11405
11405
11414
11426
11456
11458
11488
11500
11502
11535
11541
11559
11601
11602
11616
11622
11637
11661
11667
11667
11668
11672
11673
11678
11680
11700
11708
11713
11725
11736
11750
11754
11755
11761
11761
11761
11769
11776
11782
11785
11798
11806
11809
11813
11842
11857
11886
11888
11897
11899
11915
11917
11918
11921
11922
11926
11932
11932
11937
11955
11956
11959
11965
11998
11999
12002
12008
12009
12017
12028
12032
12045
12050
12092
12095
12110
12136
12156
12159
12166
12167
12182
12183
12192
12207
12213
12219
12225
12228
12235
12236
12241
12248
12251
12263
12285
12301
12316
12321
12328
12340
12346
12360
12364
12367
12374
12391
12392
12405
12407
12418
12433
12485
12495
12509
12510
12511
12516
12557
12562
12575
12577
12583
12592
12601
12606
12620
12630
12637
12643
12646
12662
12704
12710
12726
12731
12732
12744
12746
12752
12769
12774
12821
12825
12840
12844
12847
12868
12872
12874
12894
12902
12902
12903
12906
12920
12924
12927
12934
12939
12947
12952
12954
12961
12963
12966
12981
12983
13004
13010
13015
13022
13025
13027
13043
13070
13087
13092
13108
13117
13141
13143
13154
13176
13181
13181
13185
13190
13193
13212
13232
13238
13264
13272
13283
13285
13291
13310
13311
13317
13318
13323
13341
13351
13363
13365
13385
13397
13401
13412
13414
13423
13436
13437
13437
13438
13454
13473
13476
13480
13483
13491
13496
13496
13521
13524
13526
13528
13535
13546
13561
13566
13569
13569
13608
13619
13629
13632
13640
13666
13668
13684
13693
13696
13706
13714
13717
13724
13727
13732
13735
13743
13756
13769
13772
13777
13811
13850
13854
13865
13866
13871
13881
13890
13893
13907
13932
13957
13958
13978
13979
13985
14003
14003
14004
14005
14015
14019
14022
14023
14034
14043
14051
14064
14064
14065
14068
14072
14073
14082
14093
14101
14103
14107
14115
14120
14122
14128
14145
14153
14153
14173
14185
14186
14200
14211
14216
14220
14222
14223
14223
14224
14226
14241
14255
14272
14281
14295
14298
14300
14307
14349
14355
14367
14376
14381
14384
14395
14413
14413
14426
14460
14471
14476
14481
14485
14500
14518
14519
14526
14534
14535
14544
14546
14561
14567
14571
14573
14585
14609
14610
14612
14613
14618
14627
14631
14636
14643
14647
14656
14704
14715
14717
14722
14738
14749
14758
14760
14770
14773
14773
14774
14780
14822
14848
14850
14858
14866
14878
14886
14886
14888
14896
14896
14903
14906
14974
14975
15009
15020
15028
15029
15041
15042
15057
15073
15084
15092
15095
15098
15102
15116
15153
15165
15192
15211
15213
15215
15219
15220
15244
15277
15286
15290
15301
15305
15315
15316
15323
15340
15347
15367
15386
15386
15388
15397
15398
15422
15423
15431
15432
15440
15480
15488
15492
15497
15508
15518
15519
15525
15529
15529
15536
15546
15561
15580
15581
15588
15593
15606
15626
15630
15637
15644
15681
15688
15714
15714
15721
15733
15735
15736
15738
15746
15748
15751
15765
15766
15766
15771
15793
15794
15810
15817
15821
15823
15837
15857
15859
15876
15889
15895
15920
15932
15941
15943
15965
15975
15978
15998
16000
16008
16012
16030
16056
16084
16085
16085
16089
16098
16110
16113
16121
16159
16160
16161
16169
16185
16195
16198
16218
16226
16230
16231
16248
16248
16267
16279
16291
16292
16301
16316
16344
16356
16359
16372
16375
16385
16396
16404
16406
16426
16427
16447
16463
16478
16487
16492
16498
16500
16520
16521
16534
16562
16584
16584
16605
16607
16613
16621
16652
16664
16674
16679
16694
16699
16703
16709
16710
16762
16786
16788
16801
16809
16830
16845
16856
16883
16901
16918
16919
16924
16927
16937
16938
16956
16977
16979
16980
16984
16992
16999
17006
17018
17030
17034
17051
17068
17078
17098
17099
17102
17120
17126
17145
17152
17154
17164
17168
17178
17184
17190
17199
17225
17235
17242
17242
17245
17250
17260
17268
17274
17278
17287
17301
17304
17308
17311
17313
17336
17339
17345
17349
17351
17369
17379
17384
17385
17393
17404
17418
17426
17433
17433
17441
17443
17448
17456
17456
17463
17466
17492
17513
17529
17529
17530
17537
17558
17562
17564
17580
17586
17597
17601
17609
17613
17617
17625
17630
17634
17635
17643
17650
17662
17665
17668
17670
17674
17696
17706
17710
17732
17733
17740
17794
17812
17819
17842
17875
17879
17895
17898
17900
17907
17907
17909
17921
17924
17962
17974
17975
17982
17988
17988
17989
17993
18017
18021
18023
18025
18030
18069
18073
18074
18078
18090
18092
18116
18126
18166
18183
18192
18193
18201
18202
18205
18222
18235
18248
18257
18257
18266
18286
18290
18296
18304
18305
18305
18314
18321
18321
18363
18370
18383
18384
18386
18388
18410
18417
18423
18425
18470
18478
18480
18508
18541
18543
18555
18561
18578
18593
18627
18630
18631
18631
18637
18652
18658
18698
18704
18707
18725
18741
18756
18761
18765
18798
18799
18806
18820
18829
18837
18846
18858
18858
18897
18898
18900
18905
18909
18911
18936
18943
18946
18969
18980
18992
18998
18999
19006
19010
19027
19035
19052
19069
19078
19086
19093
19122
19128
19130
19162
19166
19167
19169
19185
19194
19209
19239
19255
19271
19279
19281
19286
19287
19288
19301
19303
19321
19326
19330
19336
19342
19346
19357
19384
19425
19430
19462
19465
19466
19507
19526
19526
19527
19549
19549
19567
19574
19593
19597
19602
19603
19608
19611
19632
19637
19644
19644
19655
19659
19660
19661
19686
19690
19691
19702
19705
19717
19720
19723
19731
19732
19737
19741
19756
19767
19777
19789
19803
19824
19830
19831
19844
19848
19851
19862
19863
19874
19878
19886
19890
19902
19916
19923
19933
19976
19980
20000
20009
20014
20027
20028
20029
20029
20044
20068
20069
20081
20083
20090
20108
20112
20115
20116
20121
20126
20131
20146
20152
20157
20157
20161
20162
20168
20170
20171
20174
20181
20185
20192
20195
20207
20223
20241
20245
20248
20257
20260
20262
20272
20283
20283
20285
20288
20293
20323
20343
20344
20354
20361
20379
20394
20397
20400
20405
20412
20423
20427
20428
20429
20437
20441
20441
20443
20467
20475
20489
20503
20505
20508
20517
20526
20529
20529
20578
20588
20596
20651
20655
20656
20663
20689
20698
20709
20727
20729
20744
20780
20801
20818
20848
20851
20862
20882
20886
20887
20902
20912
20916
20935
20960
20971
20973
20976
20976
20984
20988
21004
21012
21037
21041
21047
21057
21070
21086
21090
21094
21103
21103
21112
21114
21118
21124
21138
21154
21161
21163
21163
21171
21178
21206
21235
21247
21252
21252
21258
21262
21265
21279
21294
21296
21308
21326
21330
21338
21354
21358
21377
21390
21392
21400
21440
21462
21492
21495
21496
21500
21511
21512
21519
21530
21543
21548
21554
21559
21561
21581
21620
21620
21621
21625
21675
21678
21685
21685
21689
21758
21788
21790
21800
21802
21804
21805
21806
21809
21825
21837
21838
21845
21860
21860
21874
21886
21886
21888
21896
21901
21924
21925
21943
21982
21984
21985
21987
21995
21997
22003
22011
22015
22019
22035
22044
22053
22058
22072
22075
22094
22104
22121
22143
22148
22171
22191
22191
22235
22241
22252
22253
22258
22260
22261
22275
22277
22306
22307
22332
22352
22370
22376
22385
22390
22407
22408
22417
22430
22431
22434
22435
22437
22444
22448
22448
22449
22454
22455
22468
22472
22475
22478
22484
22488
22511
22514
22533
22534
22588
22630
22635
22637
22651
22656
22657
22658
22661
22668
22668
22695
22695
22696
22701
22715
22729
22735
22740
22753
22753
22766
22779
22781
22784
22787
22791
22794
22827
22833
22850
22851
22861
22867
22870
22872
22872
22880
22886
22891
22901
22929
22934
22942
22963
22967
22985
23033
23035
23042
23044
23045
23046
23056
23056
23082
23082
23083
23133
23141
23157
23159
23207
23207
23226
23245
23250
23254
23269
23285
23297
23307
23312
23313
23318
23320
23326
23328
23335
23341
23342
23365
23369
23371
23378
23388
23389
23391
23426
23432
23434
23443
23450
23454
23456
23484
23505
23510
23514
23526
23534
23547
23548
23548
23558
23562
23564
23565
23571
23582
23595
23598
23598
23625
23628
23643
23655
23665
23675
23683
23697
23699
23723
23738
23744
23753
23755
23769
23800
23805
23818
23825
23826
23828
23838
23852
23853
23871
23877
23881
23895
23903
23914
23916
23999
24001
24009
24024
24044
24063
24066
24092
24093
24120
24122
24139
24151
24160
24216
24219
24230
24236
24245
24251
24269
24273
24296
24304
24326
24332
24343
24355
24358
24362
24398
24399
24402
24431
24437
24446
24449
24464
24484
24491
24497
24518
24528
24541
24550
24551
24551
24556
24580
24587
24589
24618
24623
24630
24645
24650
24654
24656
24658
24658
24660
24665
24675
24679
24690
24695
24699
24720
24720
24726
24743
24748
24774
24777
24782
24808
24814
24825
24827
24854
24871
24878
24881
24901
24904
24905
24910
24921
24924
24931
24933
24933
24935
24939
24941
24942
24974
24986
25004
25037
25042
25052
25054
25070
25072
25080
25083
25093
25105
25110
25116
25120
25126
25131
25149
25150
25153
25154
25154
25163
25166
25205
25227
25238
25242
25242
25249
25253
25255
25268
25275
25289
25292
25318
25325
25330
25338
25343
25359
25365
25370
25377
25387
25390
25399
25404
25405
25414
25424
25446
25449
25473
25476
25477
25485
25489
25492
25496
25521
25522
25536
25537
25548
25573
25586
25598
25602
25615
25629
25639
25652
25652
25656
25672
25678
25678
25679
25681
25686
25693
25694
25710
25712
25713
25718
25720
25724
25726
25747
25753
25768
25775
25790
25800
25812
25821
25830
25832
25861
25870
25885
25885
25893
25956
25971
25982
25982
25988
25992
26001
26019
26031
26038
26048
26064
26069
26077
26079
26092
26093
26099
26102
26121
26167
26175
26178
26183
26189
26191
26228
26234
26238
26260
26266
26274
26276
26299
26319
26320
26336
26343
26352
26374
26376
26388
26391
26423
26432
26442
26445
26446
26450
26468
26481
26482
26505
26506
26507
26508
26513
26516
26519
26520
26530
26531
26550
26551
26556
26571
26577
26579
26580
26585
26592
26593
26598
26601
26611
26612
26638
26647
26650
26689
26701
26701
26704
26766
26781
26793
26795
26810
26819
26822
26830
26840
26843
26849
26854
26861
26882
26901
26902
26903
26923
26929
26939
26945
26950
26953
26954
26968
26970
26976
26978
26987
26995
27034
27044
27045
27058
27067
27075
27079
27112
27134
27165
27174
27178
27199
27219
27222
27226
27231
27237
27244
27258
27273
27274
27277
27311
27333
27355
27384
27392
27400
27403
27442
27443
27453
27456
27475
27475
27476
27495
27505
27510
27512
27517
27526
27533
27557
27560
27569
27576
27594
27597
27611
27616
27636
27643
27651
27655
27655
27680
27692
27718
27720
27732
27746
27746
27750
27750
27761
27771
27788
27800
27801
27801
27808
27809
27825
27829
27844
27861
27871
27873
27875
27890
27891
27899
27900
27902
27925
27936
27937
27949
27949
27950
27953
27956
27964
27966
28001
28020
28024
28033
28053
28057
28069
28076
28147
28154
28160
28160
28166
28176
28179
28183
28190
28204
28204
28212
28218
28218
28220
28224
28249
28263
28283
28288
28295
28312
28314
28321
28343
28350
28353
28355
28355
28358
28361
28379
28403
28417
28419
28426
28432
28438
28444
28476
28476
28497
28504
28505
28506
28524
28585
28587
28590
28598
28602
28612
28616
28620
28639
28659
28666
28667
28669
28698
28707
28737
28752
28766
28772
28773
28779
28779
28805
28844
28863
28876
28881
28884
28907
28946
28959
28959
28965
28996
28999
29024
29024
29064
29072
29074
29077
29078
29083
29104
29121
29125
29126
29128
29129
29130
29133
29134
29137
29149
29156
29167
29170
29177
29191
29200
29243
29257
29277
29282
29297
29301
29335
29337
29345
29348
29361
29365
29371
29398
29398
29399
29409
29463
29466
29476
29497
29503
29506
29507
29510
29526
29530
29531
29545
29553
29553
29567
29578
29614
29625
29629
29629
29641
29644
29651
29657
29659
29663
29664
29666
29670
29695
29710
29714
29720
29720
29723
29733
29744
29749
29751
29763
29776
29788
29793
29803
29811
29821
29840
29847
29884
29890
29895
29909
29911
29913
29920
29923
29932
29933
29936
29948
29960
29961
29968
29969
29978
30037
30039
30044
30045
30068
30073
30073
30076
30086
30093
30095
30102
30125
30130
30134
30149
30150
30151
30176
30179
30189
30197
30236
30254
30277
30307
30310
30311
30332
30335
30343
30348
30363
30366
30368
30373
30376
30389
30390
30404
30408
30415
30417
30417
30454
30455
30455
30463
30501
30504
30505
30514
30531
30543
30551
30558
30558
30560
30568
30572
30592
30593
30619
30626
30645
30653
30665
30666
30679
30697
30698
30701
30701
30718
30760
30775
30783
30794
30799
30799
30815
30824
30826
30830
30831
30838
30855
30880
30883
30893
30925
30929
30968
30970
30971
30973
30997
31027
31030
31033
31035
31066
31084
31096
31110
31113
31140
31152
31157
31161
31174
31178
31178
31182
31201
31214
31224
31233
31235
31282
31293
31301
31302
31320
31322
31325
31335
31352
31352
31377
31390
31395
31406
31407
31431
31432
31434
31453
31456
31459
31461
31462
31470
31479
31479
31481
31483
31485
31510
31511
31526
31536
31536
31548
31549
31550
31592
31596
31608
31611
31615
31623
31636
31645
31664
31672
31684
31694
31718
31740
31783
31784
31785
31785
31795
31799
31804
31817
31818
31821
31831
31851
31868
31892
31902
31914
31921
31928
31933
31939
31941
31945
31953
31964
31997
31998
32006
32041
32042
32049
32094
32094
32100
32115
32116
32122
32131
32132
32175
32181
32186
32188
32200
32214
32215
32219
32219
32220
32223
32223
32230
32262
32263
32268
32280
32299
32300
32301
32303
32310
32319
32372
32381
32385
32392
32403
32407
32418
32427
32440
32447
32451
32474
32482
32497
32515
32521
32524
32531
32548
32556
32559
32560
32574
32589
32614
32630
32641
32642
32665
32678
32686
32690
32695
32697
32702
32703
32716
32718
32720
32728
32743
32747
32748
32780
32790
32793
32805
32830
32830
32837
32844
32851
32852
32868
32876
32880
32882
32885
32886
32894
32899
32918
32938
32945
32951
32962
32964
32967
32976
32982
32984
32985
32987
32991
32995
33001
33002
33017
33067
33083
33093
33096
33111
33116
33119
33120
33121
33129
33132
33133
33144
33151
33156
33179
33183
33188
33219
33222
33224
33228
33235
33259
33264
33269
33269
33271
33279
33286
33312
33316
33327
33343
33359
33362
33371
33376
33390
33390
33394
33406
33407
33419
33422
33482
33486
33505
33510
33540
33544
33548
33575
33592
33602
33617
33626
33628
33629
33634
33672
33678
33682
33685
33685
33695
33716
33726
33739
33741
33751
33752
33760
33764
33781
33782
33782
33790
33793
33797
33804
33807
33808
33821
33824
33834
33840
33864
33867
33898
33904
33911
33917
33925
33928
33935
33942
33954
33970
33976
33983
33990
33995
33996
33997
33997
34000
34006
34009
34018
34028
34030
34037
34038
34039
34052
34085
34087
34100
34106
34107
34109
34129
34133
34154
34162
34171
34172
34175
34180
34183
34198
34230
34237
34237
34244
34295
34311
34313
34323
34324
34325
34328
34330
34337
34338
34344
34375
34406
34418
34423
34425
34432
34438
34446
34446
34480
34485
34486
34496
34506
34513
34522
34529
34538
34544
34550
34587
34595
34605
34639
34640
34641
34641
34644
34660
34663
34679
34683
34685
34708
34708
34711
34720
34722
34735
34745
34781
34801
34805
34805
34810
34844
34853
34853
34856
34858
34866
34867
34872
34884
34893
34923
34977
34977
34979
34988
35008
35029
35037
35047
35060
35072
35081
35087
35091
35125
35137
35153
35156
35165
35170
35176
35188
35201
35215
35220
35220
35226
35228
35246
35250
35254
35260
35281
35294
35298
35318
35343
35355
35368
35368
35373
35381
35411
35419
35449
35457
35462
35466
35474
35509
35530
35544
35572
35581
35607
35634
35660
35675
35678
35694
35700
35703
35706
35719
35722
35723
35728
35732
35734
35737
35768
35785
35791
35797
35803
35817
35829
35848
35850
35868
35879
35883
35917
35921
35922
35938
35965
35966
35973
35975
35986
35998
36015
36020
36022
36029
36060
36062
36070
36080
36094
36124
36134
36136
36162
36167
36178
36194
36215
36233
36245
36251
36288
36306
36321
36330
36341
36350
36357
36377
36377
36396
36403
36406
36409
36422
36456
36463
36478
36479
36483
36507
36509
36541
36555
36571
36573
36573
36581
36583
36601
36612
36613
36625
36628
36631
36633
36636
36641
36651
36663
36671
36674
36679
36679
36682
36700
36700
36701
36714
36720
36725
36726
36726
36728
36728
36736
36737
36740
36764
36796
36813
36815
36817
36817
36823
36826
36846
36862
36888
36894
36903
36921
36940
36962
36978
36979
36996
37026
37026
37046
37050
37061
37063
37066
37080
37084
37087
37100
37134
37144
37156
37156
37172
37176
37189
37195
37195
37213
37245
37264
37266
37269
37273
37285
37295
37316
37328
37343
37378
37388
37408
37422
37430
37433
37446
37461
37495
37505
37520
37524
37539
37541
37552
37560
37560
37564
37565
37575
37590
37599
37600
37620
37630
37657
37683
37688
37690
37715
37722
37732
37763
37772
37773
37787
37788
37800
37803
37815
37818
37821
37823
37837
37848
37860
37878
37888
37900
37904
37908
37909
37913
37921
37930
37931
37931
37952
37958
37960
37970
37971
37975
37978
37985
37986
38004
38005
38023
38026
38026
38028
38049
38067
38076
38101
38115
38117
38129
38134
38146
38149
38172
38184
38194
38198
38200
38202
38218
38231
38238
38242
38246
38248
38255
38259
38262
38265
38286
38309
38316
38319
38328
38343
38357
38365
38375
38380
38403
38428
38445
38480
38486
38488
38501
38508
38518
38525
38525
38558
38560
38565
38571
38595
38614
38625
38628
38629
38631
38637
38642
38658
38665
38670
38675
38678
38699
38710
38722
38723
38726
38728
38738
38740
38741
38747
38750
38778
38784
38790
38790
38797
38807
38832
38853
38869
38875
38885
38892
38894
38898
38898
38898
38899
38902
38944
38946
38952
38957
38957
38959
38969
38972
38973
38979
38983
38985
38985
38990
39040
39051
39058
39059
39059
39060
39076
39080
39087
39090
39101
39103
39114
39131
39140
39142
39156
39171
39176
39176
39183
39184
39190
39211
39212
39212
39226
39235
39241
39274
39275
39276
39289
39305
39311
39319
39323
39347
39354
39371
39375
39393
39411
39415
39427
39431
39435
39435
39458
39476
39489
39492
39503
39505
39509
39512
39515
39517
39519
39521
39533
39554
39556
39563
39564
39577
39578
39594
39599
39622
39622
39622
39633
39642
39648
39679
39683
39695
39707
39713
39737
39739
39743
39744
39750
39765
39775
39791
39801
39805
39821
39838
39838
39844
39844
39851
39874
39897
39899
39905
39911
39913
39932
39935
39935
39975
39982
39987
39988
39992
40003
40006
40030
40045
40079
40092
40100
40118
40122
40158
40174
40177
40191
40192
40193
40202
40211
40214
40226
40231
40239
40253
40254
40288
40295
40300
40311
40313
40329
40330
40334
40338
40349
40370
40373
40374
40405
40416
40425
40440
40442
40442
40443
40453
40455
40464
40494
40497
40504
40515
40527
40549
40573
40579
40600
40604
40614
40636
40657
40662
40671
40673
40686
40707
40723
40728
40744
40744
40780
40787
40795
40803
40805
40819
40849
40854
40854
40871
40902
40932
40934
40942
40943
40951
40954
40955
40962
40964
40999
41001
41007
41012
41017
41031
41037
41060
41070
41071
41089
41108
41127
41131
41138
41143
41161
41187
41221
41227
41239
41254
41256
41260
41266
41292
41297
41312
41323
41338
41380
41388
41398
41403
41413
41429
41431
41437
41443
41445
41447
41449
41469
41476
41489
41498
41518
41519
41535
41539
41543
41561
41566
41571
41578
41601
41605
41607
41613
41613
41615
41630
41647
41656
41664
41671
41673
41682
41686
41689
41694
41708
41718
41719
41729
41740
41741
41742
41756
41758
41760
41788
41790
41790
41791
41807
41831
41831
41838
41843
41844
41855
41859
41864
41876
41898
41913
41975
41976
41978
41980
42024
42025
42032
42037
42065
42075
42076
42105
42105
42106
42108
42113
42121
42123
42145
42169
42174
42179
42181
42195
42227
42227
42263
42264
42285
42287
42293
42321
42330
42337
42338
42346
42346
42350
42366
42382
42390
42410
42416
42419
42438
42438
42453
42496
42502
42507
42513
42532
42542
42542
42582
42584
42603
42614
42625
42628
42630
42633
42638
42660
42660
42668
42685
42695
42699
42706
42712
42734
42752
42757
42760
42786
42788
42794
42798
42803
42816
42816
42831
42833
42834
42844
42884
42889
42893
42901
42902
42909
42909
42910
42912
42916
42919
42935
42943
42951
42957
42965
42971
43005
43020
43034
43040
43092
43093
43098
43103
43117
43118
43123
43124
43154
43156
43163
43173
43178
43192
43198
43202
43224
43250
43304
43313
43342
43355
43371
43374
43375
43379
43434
43435
43440
43468
43511
43525
43560
43575
43611
43616
43623
43631
43644
43649
43653
43654
43663
43687
43693
43696
43723
43727
43731
43750
43753
43766
43775
43787
43791
43803
43818
43821
43821
43840
43844
43850
43872
43883
43888
43888
43890
43903
43906
43917
43925
43930
43938
43941
43953
43956
43982
43983
43984
43995
44000
44008
44010
44013
44020
44057
44059
44082
44083
44084
44091
44094
44097
44115
44130
44168
44176
44180
44189
44193
44198
44200
44207
44213
44215
44220
44232
44241
44253
44257
44265
44286
44290
44293
44303
44319
44319
44320
44323
44344
44357
44370
44377
44387
44409
44415
44420
44420
44429
44439
44456
44457
44461
44468
44468
44472
44474
44478
44491
44500
44510
44514
44522
44526
44527
44532
44546
44562
44574
44578
44586
44593
44619
44623
44628
44631
44640
44650
44658
44665
44684
44689
44691
44702
44709
44713
44718
44731
44736
44737
44743
44749
44750
44761
44775
44789
44794
44795
44822
44836
44840
44840
44854
44985
44986
44986
44995
45018
45031
45039
45045
45045
45059
45066
45077
45078
45089
45108
45110
45137
45148
45153
45173
45178
45181
45206
45208
45212
45213
45213
45217
45220
45220
45235
45257
45278
45302
45315
45325
45339
45353
45354
45361
45365
45368
45379
45391
45392
45402
45413
45415
45416
45417
45451
45472
45486
45498
45535
45538
45549
45558
45574
45583
45591
45606
45624
45639
45660
45667
45674
45676
45692
45694
45700
45706
45711
45712
45720
45720
45723
45726
45738
45742
45747
45759
45791
45808
45822
45835
45851
45894
45899
45902
45904
45910
45915
45929
45934
45937
45955
45965
45990
45994
45996
46032
46039
46058
46061
46063
46075
46082
46087
46090
46108
46113
46124
46124
46145
46153
46160
46172
46187
46188
46199
46203
46216
46222
46235
46237
46242
46261
46267
46277
46323
46324
46339
46369
46380
46388
46391
46406
46414
46448
46455
46491
46494
46495
46502
46514
46515
46522
46526
46533
46533
46547
46559
46563
46569
46573
46575
46593
46629
46643
46657
46703
46710
46729
46732
46770
46833
46842
46844
46856
46865
46876
46887
46891
46899
46908
46911
46914
46916
46928
46954
46956
46960
46965
46972
46978
47005
47006
47026
47026
47038
47052
47055
47094
47098
47112
47115
47126
47132
47144
47150
47154
47170
47171
47205
47206
47248
47253
47255
47256
47259
47290
47302
47317
47340
47355
47359
47362
47367
47371
47375
47383
47394
47394
47402
47406
47420
47422
47442
47473
47479
47483
47491
47496
47513
47522
47544
47550
47573
47577
47593
47603
47609
47622
47625
47628
47635
47646
47647
47658
47662
47678
47678
47686
47695
47720
47725
47741
47746
47761
47783
47786
47809
47815
47822
47842
47849
47867
47885
47904
47907
47911
47921
47927
47930
47939
47943
47956
47962
47972
47975
47978
47979
47986
47998
47998
48003
48005
48005
48016
48019
48032
48038
48044
48050
48051
48052
48054
48059
48069
48070
48111
48122
48124
48133
48140
48144
48145
48161
48164
48165
48166
48187
48189
48201
48203
48204
48222
48226
48250
48252
48268
48287
48290
48319
48322
48328
48334
48336
48339
48343
48343
48356
48361
48370
48377
48380
48382
48382
48386
48412
48429
48438
48439
48449
48450
48457
48469
48479
48481
48483
48514
48543
48566
48571
48587
48594
48626
48642
48645
48661
48670
48671
48671
48691
48695
48698
48701
48702
48716
48718
48736
48743
48748
48749
48779
48779
48784
48801
48825
48831
48859
48862
48869
48874
48883
48894
48895
48936
48943
48946
48948
48964
48966
48969
48972
48980
48988
49001
49013
49038
49048
49058
49082
49092
49098
49106
49108
49120
49126
49144
49185
49186
49208
49210
49228
49233
49235
49265
49271
49272
49272
49277
49280
49294
49300
49304
49319
49327
49330
49335
49336
49338
49348
49351
49353
49358
49359
49363
49363
49369
49369
49376
49378
49381
49400
49402
49402
49413
49415
49416
49418
49421
49432
49451
49459
49475
49476
49484
49485
49492
49503
49506
49512
49519
49546
49562
49565
49601
49626
49658
49679
49684
49694
49695
49698
49715
49758
49770
49778
49783
49786
49808
49809
49827
49861
49868
49871
49879
49887
49890
49895
49897
49900
49927
49952
49958
49962
49979
49979
49982
49982
49997
