49979
49969
49954
49941
49939
49911
49909
49909
49904
49891
49831
49820
49805
49802
49800
49776
49769
49759
49750
49744
49731
49706
49706
49705
49704
49696
49694
49681
49675
49664
49658
49645
49639
49637
49623
49621
49619
49618
49616
49613
49613
49609
49608
49606
49605
49604
49600
49596
49595
49595
49589
49584
49574
49571
49559
49559
49555
49545
49543
49516
49498
49497
49479
49475
49473
49468
49449
49443
49438
49421
49398
49393
49383
49381
49345
49331
49301
49293
49277
49276
49238
49227
49225
49219
49218
49202
49189
49187
49186
49185
49172
49161
49141
49136
49130
49103
49100
49095
49091
49079
49068
49067
49052
49042
49016
49005
49004
48994
48993
48971
48970
48958
48947
48942
48940
48932
48922
48911
48908
48905
48858
48856
48844
48833
48833
48828
48818
48797
48781
48765
48762
48754
48744
48738
48731
48714
48705
48700
48695
48689
48684
48674
48674
48651
48644
48623
48601
48566
48532
48530
48518
48497
48494
48486
48480
48475
48471
48467
48466
48453
48437
48416
48413
48399
48396
48380
48368
48361
48323
48318
48317
48306
48301
48294
48291
48256
48254
48249
48248
48242
48240
48225
48222
48219
48218
48209
48203
48200
48198
48181
48163
48145
48118
48109
48107
48106
48092
48090
48090
48083
48053
48039
48035
48032
48030
48027
48026
47993
47992
47991
47985
47980
47972
47960
47955
47951
47942
47940
47937
47923
47923
47921
47916
47902
47894
47883
47883
47858
47851
47847
47842
47786
47772
47754
47741
47732
47730
47719
47710
47670
47654
47643
47643
47618
47592
47586
47583
47570
47562
47560
47545
47541
47535
47516
47497
47484
47461
47445
47443
47432
47429
47428
47424
47418
47411
47400
47395
47376
47365
47364
47358
47353
47324
47313
47301
47298
47289
47273
47263
47252
47244
47233
47210
47203
47201
47201
47154
47149
47135
47133
47117
47117
47109
47109
47099
47098
47096
47078
47073
47046
47042
47038
47035
47020
47017
47013
47012
47006
47002
46991
46980
46976
46976
46955
46943
46938
46930
46918
46908
46907
46907
46906
46905
46891
46882
46881
46877
46876
46869
46865
46840
46838
46835
46829
46829
46825
46802
46777
46773
46768
46760
46733
46732
46729
46690
46686
46676
46674
46645
46641
46630
46627
46587
46577
46555
46532
46531
46527
46526
46511
46486
46481
46471
46469
46455
46444
46440
46437
46437
46418
46412
46407
46384
46383
46377
46372
46369
46363
46361
46357
46343
46333
46330
46323
46317
46305
46299
46293
46290
46266
46255
46254
46254
46247
46247
46241
46241
46236
46234
46221
46187
46167
46165
46145
46094
46089
46080
46075
46052
46036
46018
45977
45939
45935
45929
45923
45910
45909
45884
45876
45873
45871
45870
45867
45854
45841
45834
45818
45796
45761
45753
45751
45749
45698
45690
45689
45674
45673
45631
45629
45616
45614
45607
45603
45591
45568
45557
45556
45548
45547
45538
45517
45517
45514
45499
45481
45466
45465
45461
45459
45453
45423
45423
45420
45415
45414
45413
45411
45387
45363
45351
45351
45351
45350
45349
45346
45333
45311
45293
45288
45262
45257
45253
45225
45217
45213
45196
45175
45152
45144
45139
45119
45100
45091
45089
45068
45061
45050
45038
45021
44998
44977
44976
44959
44955
44950
44946
44946
44945
44921
44916
44908
44907
44894
44879
44867
44829
44827
44812
44794
44788
44788
44784
44775
44769
44756
44744
44739
44737
44728
44728
44721
44688
44688
44687
44686
44681
44675
44622
44619
44609
44570
44570
44555
44546
44529
44509
44507
44506
44498
44460
44432
44396
44368
44358
44356
44335
44327
44319
44312
44288
44263
44262
44259
44259
44254
44249
44242
44233
44229
44193
44184
44179
44161
44109
44108
44104
44098
44080
44068
44059
44055
44053
44047
44041
44036
44032
44030
44026
44018
43999
43998
43983
43981
43975
43972
43967
43966
43946
43934
43920
43920
43917
43908
43859
43848
43836
43804
43791
43786
43785
43777
43775
43754
43750
43730
43702
43690
43687
43675
43669
43600
43591
43591
43584
43575
43570
43541
43540
43539
43524
43510
43508
43492
43460
43458
43458
43454
43439
43429
43419
43417
43409
43403
43370
43349
43337
43332
43331
43326
43317
43315
43315
43296
43292
43278
43263
43253
43237
43212
43203
43201
43195
43187
43173
43168
43160
43144
43143
43135
43131
43130
43126
43102
43099
43099
43093
43083
43064
43056
43052
43040
42988
42981
42979
42979
42978
42969
42950
42947
42944
42937
42931
42918
42904
42901
42891
42876
42876
42871
42854
42841
42839
42837
42833
42818
42811
42807
42804
42787
42771
42770
42762
42757
42740
42731
42715
42681
42674
42674
42672
42670
42643
42624
42611
42595
42581
42560
42556
42550
42550
42533
42533
42515
42512
42509
42508
42504
42485
42472
42460
42458
42436
42433
42425
42400
42396
42334
42319
42310
42300
42286
42280
42277
42264
42250
42249
42231
42221
42218
42213
42209
42207
42199
42181
42174
42173
42139
42118
42104
42061
42054
42051
42049
42048
42045
42032
42031
42021
42008
41984
41982
41978
41975
41974
41971
41960
41924
41910
41907
41906
41902
41894
41894
41890
41882
41873
41864
41863
41860
41858
41852
41836
41835
41821
41818
41786
41743
41733
41722
41704
41702
41697
41655
41651
41649
41627
41625
41619
41612
41610
41579
41565
41561
41557
41554
41535
41527
41516
41512
41506
41482
41480
41472
41467
41457
41438
41436
41434
41431
41415
41409
41389
41367
41360
41354
41341
41338
41336
41332
41321
41314
41309
41304
41291
41258
41251
41250
41247
41244
41243
41238
41227
41219
41203
41177
41162
41159
41156
41145
41140
41125
41116
41115
41110
41105
41105
41104
41095
41090
41061
41058
41051
41019
41008
41003
40965
40959
40954
40954
40948
40934
40930
40907
40900
40900
40884
40871
40861
40860
40855
40854
40849
40837
40824
40811
40794
40783
40774
40771
40752
40735
40732
40722
40702
40671
40662
40657
40639
40639
40625
40620
40598
40595
40591
40590
40584
40551
40537
40532
40532
40498
40482
40461
40435
40435
40421
40415
40411
40401
40401
40395
40393
40330
40308
40301
40296
40250
40246
40246
40229
40215
40183
40168
40157
40154
40143
40128
40126
40071
40065
40065
40039
40032
40032
40017
40006
40006
40002
40001
39968
39967
39960
39952
39949
39923
39883
39862
39844
39835
39834
39818
39816
39776
39770
39762
39744
39737
39730
39718
39708
39696
39695
39691
39663
39653
39648
39640
39640
39632
39631
39630
39624
39614
39613
39594
39589
39560
39559
39552
39551
39530
39518
39517
39491
39489
39448
39438
39437
39436
39435
39415
39409
39394
39376
39374
39346
39336
39334
39287
39284
39221
39216
39215
39205
39184
39179
39177
39160
39157
39155
39155
39149
39132
39126
39121
39101
39094
39089
39068
39050
39038
39014
39008
39002
38999
38998
38992
38974
38964
38960
38954
38949
38945
38944
38926
38912
38909
38901
38901
38852
38846
38840
38832
38831
38808
38800
38792
38780
38745
38735
38729
38718
38700
38693
38690
38681
38674
38668
38646
38645
38642
38637
38636
38634
38631
38621
38611
38610
38610
38608
38589
38581
38573
38571
38548
38544
38527
38478
38476
38475
38467
38458
38458
38450
38448
38440
38418
38415
38410
38409
38408
38406
38399
38389
38346
38333
38332
38330
38288
38288
38284
38282
38267
38262
38250
38247
38240
38228
38211
38199
38171
38169
38160
38158
38139
38131
38123
38115
38099
38085
38079
38064
38062
38059
38056
38035
38016
38003
37985
37985
37979
37973
37970
37963
37960
37932
37922
37920
37915
37912
37910
37909
37899
37889
37877
37872
37853
37829
37816
37811
37810
37791
37786
37784
37782
37778
37778
37751
37732
37717
37693
37679
37677
37665
37657
37652
37644
37638
37637
37613
37605
37571
37568
37568
37552
37530
37516
37505
37498
37478
37473
37469
37465
37419
37418
37409
37405
37400
37392
37382
37370
37366
37346
37309
37304
37285
37268
37264
37253
37251
37247
37237
37202
37198
37168
37162
37160
37159
37159
37139
37137
37123
37108
37105
37081
37071
37059
37055
37050
37013
37001
36996
36980
36973
36968
36965
36960
36933
36925
36921
36896
36892
36879
36879
36857
36850
36841
36828
36817
36804
36799
36797
36771
36760
36759
36752
36748
36741
36735
36731
36730
36728
36728
36717
36704
36694
36684
36668
36660
36658
36649
36645
36642
36639
36637
36634
36631
36626
36610
36609
36591
36573
36569
36563
36562
36560
36553
36545
36543
36512
36511
36494
36493
36479
36473
36466
36464
36462
36461
36444
36440
36425
36406
36403
36390
36379
36375
36351
36334
36324
36322
36299
36298
36288
36287
36281
36265
36265
36256
36255
36250
36236
36220
36207
36197
36192
36192
36191
36182
36162
36157
36149
36121
36103
36080
36073
36065
36055
36044
36038
36035
36033
36015
36009
35992
35983
35982
35971
35966
35962
35924
35910
35910
35907
35902
35895
35892
35885
35879
35876
35843
35823
35787
35771
35770
35768
35751
35741
35736
35727
35726
35716
35712
35707
35694
35681
35670
35661
35633
35628
35622
35610
35610
35594
35591
35590
35579
35579
35561
35535
35518
35510
35505
35491
35484
35461
35447
35429
35426
35426
35416
35397
35394
35390
35383
35377
35365
35364
35350
35346
35309
35308
35295
35294
35268
35265
35254
35207
35196
35178
35162
35156
35150
35140
35127
35118
35097
35082
35075
35072
35057
35046
35040
35036
35035
35032
35026
35019
35010
34994
34992
34990
34981
34980
34977
34950
34946
34914
34906
34898
34888
34876
34858
34843
34810
34789
34775
34769
34756
34750
34748
34728
34706
34703
34699
34696
34694
34685
34633
34632
34606
34596
34549
34547
34540
34513
34444
34430
34425
34402
34401
34400
34396
34387
34375
34367
34366
34337
34337
34317
34301
34265
34264
34258
34250
34246
34233
34232
34223
34221
34213
34209
34195
34185
34176
34170
34164
34148
34146
34130
34129
34121
34120
34091
34087
34076
34067
34063
34047
34036
34027
34025
34022
34022
34010
34010
33993
33991
33984
33974
33956
33937
33935
33932
33927
33907
33904
33883
33881
33869
33864
33847
33828
33824
33817
33817
33787
33753
33752
33750
33749
33726
33721
33718
33712
33710
33703
33702
33686
33684
33680
33674
33672
33658
33649
33645
33642
33632
33595
33593
33581
33570
33540
33536
33509
33506
33498
33480
33434
33431
33405
33389
33361
33360
33357
33344
33326
33306
33291
33285
33266
33264
33244
33231
33226
33223
33212
33199
33171
33161
33146
33142
33141
33123
33112
33099
33088
33086
33085
33083
33080
33063
33048
33045
33028
33027
32992
32989
32982
32964
32954
32942
32940
32921
32918
32917
32857
32850
32832
32830
32822
32821
32816
32806
32797
32773
32763
32754
32754
32730
32718
32709
32698
32694
32691
32682
32674
32671
32641
32638
32631
32627
32625
32596
32591
32577
32575
32572
32556
32555
32552
32548
32542
32542
32535
32529
32501
32492
32480
32480
32474
32462
32435
32432
32428
32427
32424
32422
32418
32408
32405
32402
32398
32374
32368
32360
32352
32348
32331
32313
32306
32278
32274
32274
32256
32253
32248
32226
32195
32139
32102
32098
32095
32087
32083
32076
32068
32067
32041
32029
32007
32006
31980
31979
31976
31970
31948
31925
31910
31910
31891
31879
31875
31868
31846
31828
31827
31818
31816
31816
31805
31804
31788
31788
31777
31766
31747
31747
31739
31739
31706
31695
31692
31652
31648
31646
31641
31613
31609
31599
31583
31577
31558
31553
31551
31546
31541
31538
31533
31505
31500
31496
31490
31466
31436
31431
31417
31413
31401
31398
31392
31377
31375
31362
31346
31337
31335
31333
31320
31314
31304
31293
31269
31260
31260
31256
31254
31251
31241
31239
31231
31217
31215
31212
31208
31200
31200
31187
31184
31183
31164
31148
31146
31124
31117
31105
31100
31092
31064
31062
31058
31057
31054
31048
31038
31006
31005
30964
30960
30938
30927
30922
30911
30905
30902
30896
30882
30858
30851
30848
30847
30839
30828
30824
30819
30816
30814
30813
30788
30776
30748
30746
30734
30733
30731
30726
30713
30713
30698
30678
30659
30651
30649
30645
30640
30630
30626
30603
30595
30592
30590
30569
30569
30569
30504
30502
30494
30494
30460
30447
30435
30418
30416
30410
30395
30376
30365
30359
30353
30342
30334
30324
30315
30303
30291
30283
30281
30278
30276
30262
30252
30245
30235
30216
30199
30185
30183
30179
30172
30167
30135
30134
30123
30116
30107
30087
30087
30082
30070
30058
30054
30037
30037
30035
30020
30013
30011
30003
30000
29985
29985
29981
29976
29968
29952
29951
29950
29934
29928
29928
29895
29892
29877
29873
29867
29864
29862
29856
29844
29841
29829
29826
29795
29791
29783
29779
29776
29771
29766
29748
29735
29706
29699
29684
29678
29662
29662
29648
29644
29638
29635
29620
29619
29613
29600
29593
29591
29587
29583
29569
29551
29525
29523
29503
29501
29481
29460
29455
29449
29436
29427
29424
29411
29401
29389
29381
29377
29367
29339
29334
29333
29328
29319
29309
29308
29306
29294
29285
29269
29269
29265
29264
29261
29252
29244
29239
29234
29210
29206
29200
29192
29177
29170
29150
29137
29126
29118
29110
29108
29102
29099
29082
29063
29057
29055
29047
29029
29010
28989
28989
28985
28984
28981
28975
28974
28971
28964
28953
28946
28930
28922
28911
28910
28897
28877
28869
28859
28835
28790
28778
28762
28758
28731
28729
28705
28699
28699
28685
28676
28676
28662
28651
28646
28642
28633
28620
28615
28611
28610
28609
28600
28581
28568
28566
28565
28521
28519
28510
28508
28491
28489
28485
28482
28480
28476
28411
28408
28407
28402
28383
28370
28363
28359
28321
28286
28285
28258
28253
28237
28230
28227
28225
28208
28204
28199
28191
28183
28174
28158
28146
28130
28127
28124
28100
28099
28068
28064
28059
28057
28047
28035
28018
28013
28009
28007
28005
27997
27979
27976
27951
27937
27932
27916
27912
27911
27907
27888
27881
27877
27861
27848
27831
27828
27825
27818
27807
27797
27796
27791
27787
27781
27755
27752
27741
27729
27719
27718
27710
27708
27675
27672
27672
27653
27633
27608
27606
27590
27563
27558
27545
27545
27540
27537
27529
27527
27517
27513
27504
27501
27491
27490
27483
27478
27476
27461
27443
27434
27415
27395
27385
27385
27375
27370
27370
27368
27352
27344
27343
27341
27280
27268
27261
27257
27246
27228
27226
27196
27190
27183
27182
27136
27132
27111
27109
27102
27084
27082
27073
27073
27058
27056
27046
27034
27022
27005
26990
26982
26976
26972
26969
26949
26947
26941
26926
26922
26893
26887
26883
26872
26861
26855
26852
26847
26847
26831
26798
26785
26767
26728
26726
26717
26715
26711
26706
26695
26691
26691
26690
26686
26665
26659
26636
26626
26620
26620
26600
26591
26586
26572
26543
26539
26535
26534
26516
26511
26495
26481
26471
26461
26456
26454
26453
26438
26417
26407
26398
26384
26383
26376
26371
26364
26358
26351
26341
26317
26317
26315
26309
26285
26269
26265
26258
26254
26218
26192
26191
26174
26168
26150
26145
26142
26132
26124
26116
26111
26079
26078
26064
26061
26055
26050
26041
26036
26005
25999
25994
25980
25955
25911
25879
25864
25862
25857
25837
25833
25823
25818
25787
25775
25740
25720
25713
25711
25710
25710
25693
25670
25670
25668
25666
25654
25638
25627
25623
25618
25614
25614
25611
25603
25601
25590
25588
25579
25577
25559
25556
25550
25536
25532
25529
25504
25491
25448
25397
25385
25374
25346
25339
25320
25317
25311
25306
25305
25300
25296
25249
25241
25239
25205
25198
25196
25181
25181
25178
25172
25161
25156
25149
25144
25139
25130
25128
25121
25121
25118
25103
25090
25070
25069
25057
25055
25048
25021
24994
24986
24983
24960
24957
24951
24944
24930
24925
24924
24923
24916
24914
24886
24876
24873
24873
24869
24869
24839
24838
24828
24822
24819
24818
24812
24796
24777
24763
24761
24760
24759
24756
24725
24717
24697
24650
24630
24629
24618
24598
24582
24580
24546
24541
24540
24532
24516
24498
24492
24477
24470
24461
24461
24450
24444
24438
24437
24424
24423
24421
24417
24407
24399
24396
24389
24377
24371
24356
24346
24342
24329
24329
24325
24316
24290
24277
24271
24264
24260
24237
24235
24231
24221
24182
24170
24155
24130
24116
24105
24095
24091
24076
24055
24045
24034
23986
23982
23945
23945
23931
23926
23913
23911
23905
23899
23896
23889
23875
23848
23845
23839
23832
23827
23816
23787
23780
23757
23738
23730
23726
23718
23713
23680
23678
23662
23662
23608
23608
23600
23594
23582
23570
23565
23552
23546
23517
23512
23503
23492
23484
23470
23466
23463
23455
23453
23438
23437
23423
23417
23414
23410
23379
23366
23364
23353
23341
23336
23330
23323
23317
23298
23295
23282
23264
23237
23237
23171
23169
23164
23163
23162
23134
23116
23109
23103
23096
23089
23077
23073
23056
23046
23012
23002
22999
22997
22980
22968
22961
22957
22952
22946
22939
22928
22925
22914
22900
22893
22867
22865
22855
22849
22847
22844
22832
22828
22799
22798
22776
22741
22724
22711
22706
22703
22697
22681
22672
22666
22649
22639
22637
22636
22629
22624
22622
22621
22610
22591
22572
22567
22559
22553
22552
22539
22494
22465
22451
22449
22437
22419
22412
22401
22393
22384
22380
22379
22376
22372
22345
22335
22322
22320
22319
22289
22287
22285
22277
22275
22274
22265
22261
22250
22238
22236
22235
22225
22211
22203
22191
22187
22181
22179
22179
22169
22165
22164
22154
22152
22147
22144
22141
22128
22126
22125
22123
22119
22118
22117
22098
22096
22093
22085
22078
22059
22048
22039
22025
22012
22001
21999
21995
21994
21953
21943
21942
21935
21929
21894
21883
21873
21868
21847
21843
21834
21809
21807
21807
21804
21802
21798
21783
21768
21753
21753
21749
21728
21722
21720
21707
21697
21660
21656
21644
21641
21633
21624
21610
21597
21581
21567
21540
21528
21520
21519
21504
21502
21501
21493
21482
21465
21453
21446
21435
21406
21405
21397
21397
21387
21380
21380
21334
21334
21331
21323
21314
21313
21291
21290
21289
21288
21287
21285
21284
21275
21271
21268
21254
21207
21205
21191
21145
21133
21133
21128
21126
21123
21087
21069
21041
21024
21020
21003
21000
20988
20983
20978
20954
20954
20948
20865
20857
20847
20839
20810
20810
20805
20804
20803
20780
20771
20760
20754
20745
20739
20735
20734
20728
20717
20716
20700
20698
20668
20664
20663
20652
20647
20630
20628
20627
20620
20617
20615
20609
20607
20603
20581
20551
20547
20546
20545
20541
20525
20498
20480
20450
20442
20439
20424
20406
20405
20389
20355
20350
20326
20319
20307
20304
20293
20282
20276
20264
20250
20248
20240
20234
20229
20223
20219
20214
20207
20195
20191
20181
20176
20161
20140
20116
20079
20073
20072
20071
20068
20066
20064
20051
20035
20034
20016
20016
20010
20008
20005
19972
19963
19949
19946
19922
19904
19900
19892
19874
19867
19856
19839
19831
19791
19783
19755
19752
19746
19742
19709
19682
19678
19672
19671
19670
19627
19617
19615
19613
19610
19598
19577
19576
19568
19567
19560
19557
19547
19546
19540
19540
19537
19507
19498
19491
19491
19472
19467
19459
19447
19443
19433
19418
19416
19390
19364
19353
19325
19316
19298
19279
19278
19272
19270
19243
19240
19239
19236
19224
19212
19206
19168
19141
19134
19133
19120
19099
19096
19083
19069
19060
19051
19042
19041
19033
19022
19020
19004
18998
18988
18984
18980
18974
18960
18950
18930
18927
18925
18925
18910
18896
18894
18894
18866
18865
18848
18836
18824
18814
18779
18775
18775
18748
18745
18727
18713
18703
18702
18695
18688
18683
18667
18663
18660
18643
18635
18634
18629
18629
18628
18623
18616
18612
18593
18593
18581
18576
18565
18564
18541
18541
18539
18535
18511
18466
18449
18448
18423
18418
18415
18383
18360
18357
18342
18341
18340
18337
18332
18314
18312
18300
18297
18276
18276
18275
18275
18270
18257
18247
18246
18246
18244
18229
18212
18203
18195
18182
18165
18153
18144
18134
18128
18121
18103
18088
18063
18053
18045
18045
18045
18042
18040
18036
18028
17998
17958
17957
17950
17948
17946
17943
17939
17931
17931
17923
17919
17919
17914
17911
17904
17904
17880
17878
17874
17865
17849
17848
17807
17801
17795
17794
17768
17766
17763
17762
17759
17754
17747
17745
17742
17739
17738
17733
17724
17722
17719
17695
17691
17688
17680
17660
17644
17637
17635
17634
17623
17621
17616
17596
17591
17581
17567
17564
17514
17513
17512
17478
17467
17462
17458
17452
17445
17443
17432
17426
17426
17422
17412
17402
17386
17382
17376
17374
17373
17355
17337
17316
17313
17298
17292
17292
17289
17277
17269
17231
17221
17213
17199
17180
17148
17140
17106
17098
17073
17066
17039
17035
17024
17021
16983
16980
16941
16937
16928
16916
16912
16903
16899
16898
16881
16880
16879
16875
16850
16846
16820
16810
16807
16806
16801
16797
16786
16779
16779
16777
16777
16768
16753
16749
16745
16736
16731
16731
16724
16714
16710
16698
16693
16691
16681
16669
16665
16663
16654
16644
16640
16624
16623
16619
16615
16612
16585
16579
16570
16568
16565
16561
16555
16553
16535
16520
16515
16511
16505
16501
16483
16445
16445
16442
16441
16434
16409
16406
16393
16393
16389
16388
16386
16377
16360
16359
16355
16355
16352
16336
16329
16320
16314
16312
16311
16305
16295
16276
16272
16261
16246
16240
16220
16214
16187
16169
16169
16166
16158
16149
16141
16138
16116
16088
16087
16086
16077
16048
16044
16009
16008
16001
15986
15984
15982
15980
15977
15972
15972
15934
15930
15928
15924
15914
15903
15901
15890
15888
15886
15883
15879
15874
15870
15870
15855
15850
15843
15831
15828
15822
15812
15806
15803
15803
15802
15781
15764
15754
15722
15719
15718
15709
15704
15700
15690
15687
15683
15681
15678
15669
15662
15659
15650
15640
15639
15639
15627
15618
15607
15598
15566
15551
15542
15501
15496
15493
15492
15487
15485
15483
15478
15463
15449
15417
15405
15403
15386
15380
15373
15360
15335
15327
15322
15294
15288
15268
15267
15267
15235
15217
15212
15209
15159
15159
15157
15141
15140
15134
15127
15121
15114
15109
15108
15092
15092
15088
15082
15076
15067
15067
15063
15057
15052
15043
15043
15041
15029
15029
15028
15007
15004
15000
14999
14997
14992
14987
14979
14971
14970
14950
14947
14945
14934
14932
14919
14916
14912
14911
14895
14895
14895
14886
14866
14861
14847
14834
14834
14809
14806
14804
14790
14749
14746
14741
14732
14730
14705
14705
14695
14683
14682
14676
14670
14641
14640
14639
14637
14636
14630
14626
14618
14616
14615
14612
14593
14583
14571
14563
14543
14543
14532
14520
14513
14512
14509
14508
14499
14498
14494
14494
14492
14487
14476
14473
14469
14456
14450
14442
14417
14415
14400
14370
14368
14367
14350
14348
14339
14331
14316
14314
14299
14299
14299
14290
14288
14285
14281
14272
14270
14258
14258
14257
14240
14236
14213
14211
14209
14194
14186
14185
14181
14166
14131
14121
14114
14114
14108
14096
14092
14066
14044
14040
14037
14018
14007
14001
14000
13985
13977
13969
13965
13963
13957
13955
13938
13937
13920
13914
13910
13910
13909
13908
13898
13887
13867
13842
13835
13829
13827
13824
13815
13811
13809
13804
13802
13802
13791
13789
13785
13764
13747
13731
13730
13720
13695
13692
13675
13644
13631
13626
13618
13617
13611
13611
13599
13593
13592
13580
13569
13565
13561
13515
13505
13475
13474
13470
13464
13431
13427
13425
13380
13378
13356
13343
13339
13336
13334
13333
13317
13311
13288
13282
13278
13272
13253
13249
13244
13224
13220
13208
13198
13175
13168
13165
13164
13161
13141
13112
13107
13106
13081
13081
13079
13078
13040
13027
13024
13016
13009
13000
12990
12988
12975
12956
12954
12943
12943
12942
12933
12880
12865
12853
12852
12852
12836
12829
12819
12798
12787
12785
12775
12769
12759
12748
12748
12734
12723
12723
12692
12691
12684
12681
12677
12674
12670
12647
12639
12622
12620
12616
12586
12574
12546
12545
12539
12533
12527
12527
12525
12515
12503
12478
12471
12454
12442
12429
12427
12426
12417
12383
12373
12356
12354
12350
12349
12346
12324
12313
12306
12305
12271
12270
12265
12260
12251
12243
12213
12209
12202
12202
12184
12184
12175
12173
12156
12154
12128
12125
12121
12118
12102
12091
12087
12083
12064
12064
12053
12048
12046
12042
12042
12027
12017
12008
11990
11988
11957
11949
11923
11920
11920
11920
11911
11903
11893
11891
11872
11856
11851
11842
11827
11819
11793
11792
11784
11782
11774
11762
11754
11748
11724
11709
11705
11705
11703
11697
11695
11693
11684
11672
11670
11670
11667
11653
11650
11642
11641
11613
11612
11593
11583
11580
11568
11551
11545
11530
11502
11495
11471
11466
11466
11456
11448
11432
11427
11402
11401
11385
11385
11371
11369
11363
11350
11345
11338
11332
11326
11307
11304
11283
11273
11262
11257
11238
11236
11227
11225
11181
11179
11170
11166
11154
11092
11091
11090
11078
11057
11048
11041
11039
11036
11035
11034
11025
11017
11017
11016
11011
10999
10989
10976
10959
10923
10911
10890
10886
10868
10861
10846
10820
10807
10803
10772
10764
10762
10749
10740
10738
10736
10721
10681
10680
10660
10654
10652
10638
10636
10613
10605
10605
10597
10589
10582
10574
10561
10553
10551
10530
10514
10506
10496
10494
10486
10485
10471
10460
10449
10440
10438
10433
10429
10427
10406
10402
10365
10342
10321
10305
10305
10301
10299
10286
10282
10281
10279
10276
10266
10260
10252
10234
10205
10198
10195
10169
10146
10137
10137
10123
10122
10106
10104
10089
10072
10068
10051
10039
10033
10033
10017
10017
10016
10016
10009
10005
10003
9990
9981
9965
9938
9938
9936
9928
9924
9921
9919
9908
9895
9893
9887
9879
9877
9876
9867
9845
9845
9834
9809
9805
9805
9803
9786
9785
9743
9736
9736
9724
9720
9711
9705
9687
9678
9646
9637
9624
9621
9617
9605
9602
9598
9588
9581
9563
9554
9549
9542
9536
9532
9529
9519
9510
9505
9501
9500
9483
9474
9473
9465
9464
9463
9454
9443
9443
9425
9419
9411
9406
9388
9371
9369
9356
9354
9352
9338
9334
9330
9315
9314
9308
9305
9284
9265
9253
9245
9245
9236
9234
9217
9215
9214
9213
9210
9201
9189
9184
9166
9166
9163
9161
9158
9158
9141
9138
9134
9133
9105
9086
9052
9035
9014
8985
8969
8967
8945
8941
8935
8927
8926
8919
8903
8879
8874
8871
8864
8862
8837
8828
8825
8824
8816
8802
8790
8780
8772
8765
8761
8751
8742
8739
8730
8709
8706
8696
8657
8629
8621
8617
8603
8588
8583
8582
8559
8556
8513
8504
8504
8503
8495
8481
8477
8474
8469
8461
8450
8446
8435
8420
8419
8407
8401
8388
8387
8378
8347
8343
8339
8338
8313
8312
8303
8287
8263
8257
8256
8238
8228
8197
8189
8187
8185
8180
8168
8149
8147
8130
8129
8121
8106
8089
8081
8075
8060
8052
8046
8044
8029
8019
7989
7984
7977
7976
7974
7968
7962
7960
7954
7951
7923
7918
7911
7910
7909
7903
7901
7885
7872
7866
7850
7826
7823
7814
7813
7810
7785
7780
7756
7755
7752
7734
7725
7724
7721
7681
7673
7648
7609
7597
7577
7570
7557
7556
7541
7521
7500
7499
7451
7418
7390
7389
7387
7370
7343
7330
7314
7309
7282
7279
7259
7247
7224
7221
7183
7180
7180
7179
7177
7175
7166
7161
7145
7139
7116
7112
7112
7111
7109
7109
7093
7084
7070
7064
7052
7041
7040
7040
7022
7013
7012
6971
6968
6965
6948
6948
6947
6898
6883
6861
6844
6840
6831
6812
6799
6757
6756
6750
6740
6730
6727
6709
6693
6680
6657
6655
6648
6641
6602
6586
6584
6584
6570
6570
6559
6551
6551
6545
6524
6517
6505
6501
6491
6491
6481
6477
6471
6463
6446
6444
6435
6430
6412
6408
6378
6371
6371
6369
6358
6322
6284
6275
6267
6232
6228
6215
6213
6209
6188
6159
6159
6150
6117
6091
6088
6074
6070
6052
6048
6030
6029
6019
6016
5996
5984
5979
5958
5956
5952
5949
5941
5933
5927
5879
5869
5867
5856
5849
5838
5805
5794
5790
5767
5759
5750
5749
5733
5724
5707
5698
5692
5690
5686
5672
5646
5645
5625
5622
5601
5601
5596
5570
5569
5557
5531
5525
5509
5507
5463
5461
5457
5440
5440
5426
5425
5416
5415
5396
5391
5391
5375
5374
5371
5365
5346
5345
5338
5335
5335
5314
5307
5304
5301
5299
5296
5281
5267
5267
5267
5262
5252
5241
5233
5228
5216
5195
5190
5183
5180
5177
5174
5166
5153
5122
5103
5098
5098
5093
5050
5045
5033
5028
4998
4988
4981
4973
4951
4943
4922
4911
4906
4875
4867
4858
4845
4828
4826
4821
4816
4815
4814
4806
4803
4779
4774
4769
4764
4762
4762
4756
4746
4730
4727
4704
4666
4665
4662
4652
4650
4641
4636
4618
4618
4611
4602
4602
4601
4594
4584
4581
4567
4562
4554
4530
4516
4515
4514
4491
4478
4475
4459
4456
4455
4413
4411
4384
4372
4363
4359
4351
4339
4335
4330
4328
4302
4298
4297
4294
4275
4272
4261
4254
4240
4237
4237
4233
4220
4219
4216
4204
4203
4201
4189
4182
4181
4179
4177
4156
4147
4145
4142
4125
4119
4103
4071
4063
4043
4036
4036
4019
4012
4005
3998
3982
3971
3969
3939
3929
3920
3909
3907
3894
3889
3887
3882
3851
3840
3836
3830
3826
3816
3806
3801
3792
3785
3776
3734
3731
3711
3711
3703
3700
3700
3678
3671
3670
3665
3640
3634
3634
3633
3633
3590
3580
3570
3564
3561
3557
3530
3524
3524
3519
3499
3498
3484
3474
3473
3472
3467
3465
3453
3443
3430
3427
3420
3418
3400
3393
3386
3384
3381
3375
3373
3369
3366
3364
3356
3353
3353
3342
3338
3300
3298
3263
3249
3248
3183
3177
3170
3149
3139
3138
3126
3078
3063
3056
3055
3049
3041
3037
3023
3009
3001
2988
2963
2962
2961
2949
2929
2925
2921
2920
2902
2902
2897
2891
2888
2883
2875
2871
2871
2866
2857
2855
2840
2827
2827
2783
2780
2776
2764
2755
2736
2723
2714
2701
2697
2664
2659
2645
2637
2634
2634
2629
2625
2625
2622
2614
2603
2600
2588
2577
2567
2553
2548
2533
2514
2469
2464
2455
2444
2430
2425
2401
2394
2393
2391
2373
2348
2341
2340
2314
2305
2293
2290
2287
2270
2256
2254
2247
2244
2233
2220
2219
2218
2212
2197
2173
2172
2160
2157
2141
2134
2125
2112
2100
2095
2092
2083
2066
2058
2049
2043
2042
2041
2036
2006
1998
1990
1981
1981
1965
1908
1900
1894
1844
1810
1795
1790
1789
1776
1752
1733
1723
1723
1722
1714
1704
1703
1683
1680
1669
1665
1661
1653
1636
1622
1618
1615
1613
1609
1608
1598
1596
1585
1585
1575
1570
1569
1557
1555
1547
1537
1536
1525
1507
1495
1484
1474
1471
1468
1464
1458
1454
1447
1447
1441
1432
1428
1397
1394
1388
1387
1382
1378
1375
1357
1317
1295
1262
1257
1256
1248
1246
1241
1230
1228
1215
1207
1189
1183
1181
1162
1161
1139
1125
1124
1108
1107
1107
1106
1102
1100
1097
1094
1084
1080
1046
989
985
984
972
957
956
936
921
907
898
881
876
875
846
834
831
827
821
817
817
811
810
810
806
800
795
794
790
770
768
752
744
737
710
707
701
682
662
661
659
646
643
640
630
618
605
562
548
541
516
504
500
496
493
483
478
466
459
456
443
434
434
434
433
430
427
426
422
391
368
365
356
346
336
335
332
331
315
307
289
282
271
270
266
264
251
219
205
203
170
138
97
96
88
82
82
48
46
38
32
31
22
18
10
1
